[[[549, 103], [797, 103], [797, 223], [549, 223]], 'scb']
[[[448, 378], [838, 378], [838, 537], [448, 537]], 'โอนเงินสำเร็จ 24 มิ.ย. 2566 14:54']
[[[250, 551], [1038, 551], [1038, 610], [250, 610]], ' รหัสอ้างอิง: 202306244gkh4ds6vucnrknf6']
[[[70, 726], [146, 726], [146, 766], [70, 766]], 'จาก']
[[[790, 718], [1230, 718], [1230, 857], [790, 857]], 'นาย กฤษฎา สารวิทย์  xxx-xxx976-6']
[[[62, 912], [162, 912], [162, 966], [62, 966]], 'ไปยัง']
[[[790, 914], [1230, 914], [1230, 1053], [790, 1053]], 'นาย กฤษฎา สารวิทย์  xxx-xxx588-5']
[[[65, 1197], [254, 1197], [254, 1256], [65, 1256]], ' จำนวนเงิน']
[[[1089, 1199], [1224, 1199], [1224, 1256], [1089, 1256]], '55.00']
[[[61, 1400], [770, 1400], [770, 1551], [61, 1551]], 'ผู้รับเงินสามารถสแกนคิวอาร์โคัดนี้เพื่อ ตรวจสอบสถานะการโอนเงิน']
