[[[549, 103], [797, 103], [797, 223], [549, 223]], 'scb']
[[[454, 378], [833, 378], [833, 537], [454, 537]], 'โอนเงินสำเร็จ 16 ก.ค. 2566 19:31']
[[[250, 552], [1038, 552], [1038, 610], [250, 610]], ' รหัสอ้างอิง: 202307165d4lldyms0uz2j7y8']
[[[70, 726], [146, 726], [146, 766], [70, 766]], 'จาก']
[[[790, 718], [1230, 718], [1230, 857], [790, 857]], 'นาย กฤษฎา สารวิทย์  xxx-xxx588-5']
[[[62, 912], [162, 912], [162, 966], [62, 966]], 'ไปยัง']
[[[833, 909], [1229, 909], [1229, 1053], [833, 1053]], 'น.ส. ณัฐวดี ติณภูมิ  xxx-xxx-1324']
[[[65, 1197], [254, 1197], [254, 1256], [65, 1256]], ' จำนวนเงิน']
[[[1088, 1200], [1224, 1200], [1224, 1256], [1088, 1256]], '20.00']
[[[61, 1400], [770, 1400], [770, 1551], [61, 1551]], 'ผู้รับเงินสามารถสแกนคิวอาร์โคัดนี้เพื่อ ตรวจสอบสถานะการโอนเงิน']
