[[[438, 84], [804, 84], [804, 210], [438, 210]], 'oscb']
[[[501, 381], [789, 381], [789, 449], [501, 449]], 'โอนเงินสำเร็จ']
[[[449, 487], [839, 487], [839, 536], [449, 536]], '01 มิ.ย. 2566 20:44']
[[[248, 550], [1039, 550], [1039, 613], [248, 613]], ' รหัสอ้างอิง: 202306018n8rr5xlh2bhoplvv']
[[[67, 723], [147, 723], [147, 767], [67, 767]], ' จาก']
[[[789, 715], [1232, 715], [1232, 857], [789, 857]], 'นาย กฤษฎา สารวิทย์  xxx-xxx588-5']
[[[62, 912], [162, 912], [162, 966], [62, 966]], 'ไปยัง']
[[[646, 914], [1228, 914], [1228, 1055], [646, 1055]], 'นางสาวฺณัฐธิดา วิเศษจิรโชค 1-5603-0008x-xx-x']
[[[64, 1196], [254, 1196], [254, 1250], [64, 1250]], ' จำนวนเงิน']
[[[1090, 1198], [1224, 1198], [1224, 1252], [1090, 1252]], '70.00']
[[[61, 1398], [770, 1398], [770, 1549], [61, 1549]], 'ผู้รับเงินสามารกสแกนคิวอาร์โคัดนี้เพื่อ ตรวจสอบสถานะการโอนเงิน']
