[[[438, 84], [804, 84], [804, 210], [438, 210]], 'oscb']
[[[449, 378], [841, 378], [841, 535], [449, 535]], 'เติมเงินสำเร็จ 02 มิ.ย. 2566 08:18']
[[[245, 552], [1043, 552], [1043, 614], [245, 614]], ' รหัสอ้างอิง: 202306022l7dn9c9uy69dncrs']
[[[67, 723], [147, 723], [147, 767], [67, 767]], ' จาก']
[[[789, 715], [1232, 715], [1232, 857], [789, 857]], 'นาย กฤษฎา สารวิทย์  xxx-xxx588-5']
[[[62, 912], [162, 912], [162, 966], [62, 966]], 'ไปยัง']
[[[863, 913], [1227, 913], [1227, 1057], [863, 1057]], 'เติมเงินพร้อมเพย์ 140000902136136']
[[[66, 1196], [254, 1196], [254, 1250], [66, 1250]], ' จำนวนเงิน']
[[[1088, 1198], [1224, 1198], [1224, 1252], [1088, 1252]], '35.00']
[[[62, 1326], [597, 1326], [597, 1469], [62, 1469]], 'ข้อมูลเพิ่มเติมจากผู้ไห้บริการ  วิเศษพงษ์ ร่วมสุข (truemoney)']
[[[61, 1604], [770, 1604], [770, 1756], [61, 1756]], 'ผู้รับเงินสามารกสแกนคิวอาร์โคัดนี้เพื่อ ตรวจสอบสถานะการเติมเงิน']
