[[[549, 103], [797, 103], [797, 223], [549, 223]], 'scb']
[[[449, 378], [841, 378], [841, 535], [449, 535]], 'โอนเงินสำเร็จ 02 ก.ค. 2566 19:58']
[[[248, 556], [1046, 556], [1046, 612], [248, 612]], 'รหัสอ้างอิง: 2023070277e8baq0s78dmavfr']
[[[70, 726], [146, 726], [146, 766], [70, 766]], 'จาก']
[[[790, 718], [1230, 718], [1230, 857], [790, 857]], 'นาย กฤษฎา สารวิทย์  xxx-xxx588-5']
[[[62, 912], [162, 912], [162, 966], [62, 966]], 'ไปยัง']
[[[739, 915], [1229, 915], [1229, 1053], [739, 1053]], 'นางสาว ฺจิราพัชร แช่ว่าง 1-6597-0001x-xx-x']
[[[65, 1197], [254, 1197], [254, 1256], [65, 1256]], ' จำนวนเงิน']
[[[1090, 1200], [1224, 1200], [1224, 1256], [1090, 1256]], '50.00']
[[[61, 1400], [770, 1400], [770, 1551], [61, 1551]], 'ผู้รับเงินสามารถสแกนคิวอาร์โคัดนี้เพื่อ ตรวจสอบสถานะการโอนเงิน']
