[[[549, 103], [797, 103], [797, 223], [549, 223]], 'scb']
[[[449, 378], [841, 378], [841, 535], [449, 535]], 'โอนเงินสำเร็จ 03 ก.ค. 2566 21:49']
[[[236, 554], [1052, 554], [1052, 610], [236, 610]], ' รหัสอ้างอิง: 202307030nkfsdxwzigbf4mmx']
[[[70, 726], [146, 726], [146, 766], [70, 766]], 'จาก']
[[[790, 718], [1230, 718], [1230, 857], [790, 857]], 'นาย กฤษฎา สารวิทย์  xxx-xxx588-5']
[[[62, 912], [162, 912], [162, 966], [62, 966]], 'ไปยัง']
[[[790, 913], [1230, 913], [1230, 1055], [790, 1055]], 'นาย กฤษฎา สารวิทย์ x-9099']
[[[65, 1197], [254, 1197], [254, 1256], [65, 1256]], ' จำนวนเงิน']
[[[1016, 1194], [1229, 1194], [1229, 1265], [1016, 1265]], '1,000.00']
[[[61, 1400], [770, 1400], [770, 1551], [61, 1551]], 'ผู้รับเงินสามารถสแกนคิวอาร์โคัดนี้เพื่อ ตรวจสอบสถานะการโอนเงิน']
