[[[549, 103], [797, 103], [797, 223], [549, 223]], 'scb']
[[[449, 378], [841, 378], [841, 535], [449, 535]], 'โอนเงินสำเร็จ 06 มิ.ย. 2566 08:13']
[[[234, 554], [1026, 554], [1026, 608], [234, 608]], ' รหัสอ้างอิง: 202306068sk0dsdke8ben0z0c']
[[[70, 726], [146, 726], [146, 766], [70, 766]], 'จาก']
[[[790, 718], [1230, 718], [1230, 857], [790, 857]], 'นาย กฤษฎา สารวิทย์  xxx-xxx588-5']
[[[62, 912], [162, 912], [162, 966], [62, 966]], 'ไปยัง']
[[[725, 908], [1229, 908], [1229, 1053], [725, 1053]], 'นาย อภิสิทธิ เนียมสูงเนิน  xxx-xxx-9297']
[[[65, 1197], [254, 1197], [254, 1256], [65, 1256]], ' จำนวนเงิน']
[[[1090, 1202], [1224, 1202], [1224, 1256], [1090, 1256]], '45.00']
[[[61, 1400], [770, 1400], [770, 1551], [61, 1551]], 'ผู้รับเงินสามารถสแกนคิวอาร์โคัดนี้เพื่อ ตรวจสอบสถานะการโอนเงิน']
