[[[549, 103], [797, 103], [797, 223], [549, 223]], 'scb']
[[[453, 378], [837, 378], [837, 536], [453, 536]], 'โอนเงินสำเร็จ 17 มิ.ย. 2566 19:43']
[[[268, 554], [1022, 554], [1022, 612], [268, 612]], ' รหัสอ้างอิง: 202306173eljgdz0hyrxibuzt']
[[[70, 726], [146, 726], [146, 766], [70, 766]], 'จาก']
[[[790, 718], [1230, 718], [1230, 857], [790, 857]], 'นาย กฤษฎา สารวิทย์  xxx-xxx588-5']
[[[62, 912], [162, 912], [162, 966], [62, 966]], 'ไปยัง']
[[[833, 909], [1229, 909], [1229, 1053], [833, 1053]], 'น.ส. ณัฐวดี ติณภูมิ  xxx-xxx-1324']
[[[65, 1197], [254, 1197], [254, 1256], [65, 1256]], ' จำนวนเงิน']
[[[1089, 1199], [1224, 1199], [1224, 1257], [1089, 1257]], '70.00']
[[[1057, 1359], [1161, 1359], [1161, 1443], [1057, 1443]], 'ยีอี']
[[[61, 1400], [770, 1400], [770, 1551], [61, 1551]], 'ผู้รับเงินสามารถสแกนคิวอาร์โคัดนี้เพื่อ ตรวจสอบสถานะการโอนเงิน']
