[[[549, 103], [797, 103], [797, 223], [549, 223]], 'scb']
[[[501, 381], [789, 381], [789, 449], [501, 449]], 'โอนเงินสำเร็จ']
[[[446, 484], [843, 484], [843, 537], [446, 537]], '09 ก.ค. 2566 20:02']
[[[241, 551], [1045, 551], [1045, 613], [241, 613]], ' รหัสอ้างอิง: 2023070907kvjuc0kuzozbrg0']
[[[70, 726], [146, 726], [146, 766], [70, 766]], 'จาก']
[[[790, 718], [1230, 718], [1230, 857], [790, 857]], 'นาย กฤษฎา สารวิทย์  xxx-xxx588-5']
[[[62, 912], [162, 912], [162, 966], [62, 966]], 'ไปยัง']
[[[774, 910], [1231, 910], [1231, 1053], [774, 1053]], 'น.ส.  สุกันญา ป้อมแก้ว 3-2506-0000x-xx-x']
[[[65, 1197], [254, 1197], [254, 1256], [65, 1256]], ' จำนวนเงิน']
[[[1087, 1199], [1223, 1199], [1223, 1255], [1087, 1255]], '39.00']
[[[61, 1400], [770, 1400], [770, 1551], [61, 1551]], 'ผู้รับเงินสามารถสแกนคิวอาร์โคัดนี้เพื่อ ตรวจสอบสถานะการโอนเงิน']
