[[[549, 103], [797, 103], [797, 223], [549, 223]], 'scb']
[[[450, 378], [837, 378], [837, 537], [450, 537]], 'โอนเงินสำเร็จ 09 ก.ค. 2566 14:01']
[[[239, 555], [1049, 555], [1049, 605], [239, 605]], ' รหัสอ้างอิง: 202307092mnkrvn jranekr5mm']
[[[70, 726], [146, 726], [146, 766], [70, 766]], 'จาก']
[[[790, 718], [1230, 718], [1230, 857], [790, 857]], 'นาย กฤษฎา สารวิทย์  xxx-xxx588-5']
[[[62, 912], [162, 912], [162, 966], [62, 966]], 'ไปยัง']
[[[771, 906], [1230, 906], [1230, 1053], [771, 1053]], 'นาย สัมฤทธิ รัตนทิพย์  xxx-xxx-6145']
[[[65, 1197], [254, 1197], [254, 1256], [65, 1256]], ' จำนวนเงิน']
[[[1090, 1200], [1224, 1200], [1224, 1256], [1090, 1256]], '50.00']
[[[61, 1400], [770, 1400], [770, 1551], [61, 1551]], 'ผู้รับเงินสามารถสแกนคิวอาร์โคัดนี้เพื่อ ตรวจสอบสถานะการโอนเงิน']
