[[[549, 103], [797, 103], [797, 223], [549, 223]], 'scb']
[[[451, 378], [836, 378], [836, 535], [451, 535]], 'โอนเงินสำเร็จ 16 ก.ค. 2566 14:20']
[[[248, 554], [1042, 554], [1042, 612], [248, 612]], ' รหัสอ้างอิง: 202307164pm4j5exn0oskgzhg']
[[[70, 726], [146, 726], [146, 766], [70, 766]], 'จาก']
[[[790, 718], [1230, 718], [1230, 857], [790, 857]], 'นาย กฤษฎา สารวิทย์  xxx-xxx588-5']
[[[62, 912], [162, 912], [162, 966], [62, 966]], 'ไปยัง']
[[[776, 914], [1228, 914], [1228, 1053], [776, 1053]], 'นาย ดุษฎีส่งเกษรชาติ  xxx-xxx-7661']
[[[65, 1197], [254, 1197], [254, 1256], [65, 1256]], ' จำนวนเงิน']
[[[1087, 1199], [1224, 1199], [1224, 1257], [1087, 1257]], '77.00']
[[[61, 1400], [770, 1400], [770, 1551], [61, 1551]], 'ผู้รับเงินสามารถสแกนคิวอาร์โคัดนี้เพื่อ ตรวจสอบสถานะการโอนเงิน']
