[[[438, 84], [804, 84], [804, 210], [438, 210]], 'oscb']
[[[501, 381], [789, 381], [789, 449], [501, 449]], 'โอนเงินสำเร็จ']
[[[450, 484], [839, 484], [839, 537], [450, 537]], '05 มิ.ย. 2566 02:19']
[[[240, 551], [1045, 551], [1045, 613], [240, 613]], ' รหัสอ้างอิง: 20230605154v/fs63zg8hagv4s']
[[[67, 723], [147, 723], [147, 767], [67, 767]], ' จาก']
[[[789, 716], [1231, 716], [1231, 857], [789, 857]], 'นาย กฤษฎา สารวิทย์  xxx-xxx976-6']
[[[62, 912], [162, 912], [162, 966], [62, 966]], 'ไปยัง']
[[[712, 899], [1233, 899], [1233, 1053], [712, 1053]], 'นาย ทวีศักดิ์ ภูเกียรติก้อง  xxx-xxx340-1']
[[[64, 1196], [254, 1196], [254, 1250], [64, 1250]], ' จำนวนเงิน']
[[[1019, 1197], [1227, 1197], [1227, 1259], [1019, 1259]], '6,834.00']
[[[61, 1398], [770, 1398], [770, 1549], [61, 1549]], 'ผู้รับเงินสามารกสแกนคิวอาร์โคัดนี้เพื่อ ตรวจสอบสถานะการโอนเงิน']
