[[[549, 103], [797, 103], [797, 223], [549, 223]], 'scb']
[[[453, 378], [835, 378], [835, 536], [453, 536]], 'โอนเงินสำเร็จ 30 มิ.ย. 2566 21:21']
[[[245, 555], [1046, 555], [1046, 605], [245, 605]], ' รหัสอ้างอิง: 2023063072w608tolmz jlarhk']
[[[70, 726], [146, 726], [146, 766], [70, 766]], 'จาก']
[[[790, 718], [1230, 718], [1230, 857], [790, 857]], 'นาย กฤษฎา สารวิทย์  xxx-xxx588-5']
[[[62, 912], [162, 912], [162, 966], [62, 966]], 'ไปยัง']
[[[804, 914], [1228, 914], [1228, 1053], [804, 1053]], 'นาย สมัชญ์วีรกรรม  xxx-xxx-2578']
[[[65, 1197], [254, 1197], [254, 1256], [65, 1256]], ' จำนวนเงิน']
[[[1059, 1199], [1225, 1199], [1225, 1257], [1059, 1257]], '269.00']
[[[61, 1400], [770, 1400], [770, 1551], [61, 1551]], 'ผู้รับเงินสามารถสแกนคิวอาร์โคัดนี้เพื่อ ตรวจสอบสถานะการโอนเงิน']
