[[[549, 103], [797, 103], [797, 223], [549, 223]], 'scb']
[[[450, 378], [841, 378], [841, 537], [450, 537]], 'โอนเงินสำเร็จ 20 ก.ค. 2566 12:55']
[[[281, 555], [1007, 555], [1007, 605], [281, 605]], ' รหัสอ้างอิง: 202307203ulie1dtiwipk2izv']
[[[70, 726], [146, 726], [146, 766], [70, 766]], 'จาก']
[[[790, 718], [1230, 718], [1230, 857], [790, 857]], 'นาย กฤษฎา สารวิทย์  xxx-xxx588-5']
[[[62, 912], [162, 912], [162, 966], [62, 966]], 'ไปยัง']
[[[771, 906], [1230, 906], [1230, 1053], [771, 1053]], 'นาย สัมฤทธิ รัตนทิพย์  xxx-xxx-6145']
[[[65, 1197], [254, 1197], [254, 1256], [65, 1256]], ' จำนวนเงิน']
[[[1090, 1202], [1224, 1202], [1224, 1256], [1090, 1256]], '45.00']
[[[61, 1400], [770, 1400], [770, 1551], [61, 1551]], 'ผู้รับเงินสามารถสแกนคิวอาร์โคัดนี้เพื่อ ตรวจสอบสถานะการโอนเงิน']
