[[[549, 103], [797, 103], [797, 223], [549, 223]], 'scb']
[[[455, 378], [835, 378], [835, 535], [455, 535]], 'โอนเงินสำเร็จ 21 ก.ค. 2566 17:32']
[[[260, 554], [1028, 554], [1028, 610], [260, 610]], ' รหัสอ้างอิง: 202307210jvmol5cexhfdmpt8']
[[[70, 726], [146, 726], [146, 766], [70, 766]], 'จาก']
[[[790, 718], [1230, 718], [1230, 857], [790, 857]], 'นาย กฤษฎา สารวิทย์  xxx-xxx588-5']
[[[62, 912], [162, 912], [162, 966], [62, 966]], 'ไปยัง']
[[[833, 909], [1229, 909], [1229, 1053], [833, 1053]], 'น.ส. ณัฐวดี ติณภูมิ  xxx-xxx-1324']
[[[65, 1197], [254, 1197], [254, 1256], [65, 1256]], ' จำนวนเงิน']
[[[1086, 1198], [1227, 1198], [1227, 1260], [1086, 1260]], '87.00']
[[[61, 1400], [770, 1400], [770, 1551], [61, 1551]], 'ผู้รับเงินสามารถสแกนคิวอาร์โคัดนี้เพื่อ ตรวจสอบสถานะการโอนเงิน']
