[[[438, 84], [804, 84], [804, 210], [438, 210]], 'oscb']
[[[451, 378], [837, 378], [837, 536], [451, 536]], 'เติมเงินสำเร็จ 01 มิ.ย. 2566 08:14']
[[[246, 553], [1042, 553], [1042, 612], [246, 612]], ' รหัสอ้างอิง: 202306014zdum0y0bawklbeiy']
[[[67, 723], [147, 723], [147, 767], [67, 767]], ' จาก']
[[[789, 715], [1232, 715], [1232, 857], [789, 857]], 'นาย กฤษฎา สารวิทย์  xxx-xxx588-5']
[[[62, 912], [162, 912], [162, 966], [62, 966]], 'ไปยัง']
[[[855, 913], [1227, 913], [1227, 1055], [855, 1055]], 'เติมเงินพร้อมเพย์ 140000970699844']
[[[66, 1196], [254, 1196], [254, 1250], [66, 1250]], ' จำนวนเงิน']
[[[1087, 1197], [1223, 1197], [1223, 1251], [1087, 1251]], '20.00']
[[[62, 1326], [647, 1326], [647, 1467], [62, 1467]], 'ข้อมูลเพิ่มเติมจากผู้ไห้บริการ ปฐมพร นาคเจริญพร (truemoney)']
[[[61, 1604], [770, 1604], [770, 1756], [61, 1756]], 'ผู้รับเงินสามารกสแกนคิวอาร์โคัดนี้เพื่อ ตรวจสอบสถานะการเติมเงิน']
