[[[549, 103], [797, 103], [797, 223], [549, 223]], 'scb']
[[[451, 378], [841, 378], [841, 536], [451, 536]], 'โอนเงินสำเร็จ 23 มิ.ย. 2566 08:15']
[[[257, 553], [1033, 553], [1033, 616], [257, 616]], ' รหัสอ้างอิง: 202306235]nlppw13diob7mks']
[[[70, 726], [146, 726], [146, 766], [70, 766]], 'จาก']
[[[790, 718], [1230, 718], [1230, 857], [790, 857]], 'นาย กฤษฎา สารวิทย์  xxx-xxx588-5']
[[[62, 912], [162, 912], [162, 966], [62, 966]], 'ไปยัง']
[[[790, 914], [1230, 914], [1230, 1053], [790, 1053]], 'นาย กฤษฎา สารวิทย์ xxx-xxx976-6']
[[[65, 1197], [254, 1197], [254, 1256], [65, 1256]], ' จำนวนเงิน']
[[[1016, 1194], [1229, 1194], [1229, 1265], [1016, 1265]], '1,300.00']
[[[61, 1400], [770, 1400], [770, 1551], [61, 1551]], 'ผู้รับเงินสามารถสแกนคิวอาร์โคัดนี้เพื่อ ตรวจสอบสถานะการโอนเงิน']
