[[[549, 103], [797, 103], [797, 223], [549, 223]], 'scb']
[[[455, 378], [835, 378], [835, 536], [455, 536]], 'โอนเงินสำเร็จ 17 มิ.ย. 2566 12:24']
[[[260, 554], [1028, 554], [1028, 610], [260, 610]], ' รหัสอ้างอิง: 2023061784p6lwlbzfvocytxe']
[[[70, 726], [146, 726], [146, 766], [70, 766]], 'จาก']
[[[790, 718], [1230, 718], [1230, 857], [790, 857]], 'นาย กฤษฎา สารวิทย์  xxx-xxx588-5']
[[[62, 912], [162, 912], [162, 966], [62, 966]], 'ไปยัง']
[[[709, 914], [1228, 914], [1228, 1053], [709, 1053]], 'นายกฤตพณพร้อมจะบก  xxx-xxx-5047']
[[[65, 1197], [254, 1197], [254, 1256], [65, 1256]], ' จำนวนเงิน']
[[[1087, 1199], [1223, 1199], [1223, 1253], [1087, 1253]], '84.00']
[[[61, 1400], [770, 1400], [770, 1551], [61, 1551]], 'ผู้รับเงินสามารถสแกนคิวอาร์โคัดนี้เพื่อ ตรวจสอบสถานะการโอนเงิน']
