[[[549, 103], [797, 103], [797, 223], [549, 223]], 'scb']
[[[447, 378], [843, 378], [843, 535], [447, 535]], 'โอนเงินสำเร็จ 07 ก.ค. 2566 09:53']
[[[270, 554], [1016, 554], [1016, 612], [270, 612]], ' รหัสอ้างอิง: 2023070716p078no6otn1ajl2']
[[[70, 726], [146, 726], [146, 766], [70, 766]], 'จาก']
[[[790, 718], [1230, 718], [1230, 857], [790, 857]], 'นาย กฤษฎา สารวิทย์  xxx-xxx588-5']
[[[62, 912], [162, 912], [162, 966], [62, 966]], 'ไปยัง']
[[[790, 914], [1230, 914], [1230, 1053], [790, 1053]], 'นาย กฤษฎา สารวิทย์ x-8306']
[[[65, 1197], [254, 1197], [254, 1256], [65, 1256]], ' จำนวนเงิน']
[[[1087, 1199], [1224, 1199], [1224, 1257], [1087, 1257]], '65.00']
[[[61, 1400], [770, 1400], [770, 1551], [61, 1551]], 'ผู้รับเงินสามารถสแกนคิวอาร์โคัดนี้เพื่อ ตรวจสอบสถานะการโอนเงิน']
