[[[549, 103], [797, 103], [797, 223], [549, 223]], 'scb']
[[[450, 378], [837, 378], [837, 537], [450, 537]], 'โอนเงินสำเร็จ 18 มิ.ย. 2566 13:59']
[[[244, 554], [1046, 554], [1046, 610], [244, 610]], ' รหัสอ้างอิง: 202306180wwzm3urj04csoif']
[[[70, 726], [146, 726], [146, 766], [70, 766]], 'จาก']
[[[790, 718], [1230, 718], [1230, 857], [790, 857]], 'นาย กฤษฎา สารวิทย์  xxx-xxx588-5']
[[[62, 912], [162, 912], [162, 966], [62, 966]], 'ไปยัง']
[[[833, 909], [1229, 909], [1229, 1053], [833, 1053]], 'น.ส. ณัฐวดี ติณภูมิ  xxx-xxx-1324']
[[[65, 1197], [254, 1197], [254, 1256], [65, 1256]], ' จำนวนเงิน']
[[[1088, 1200], [1224, 1200], [1224, 1256], [1088, 1256]], '30.00']
[[[61, 1400], [770, 1400], [770, 1551], [61, 1551]], 'ผู้รับเงินสามารถสแกนคิวอาร์โคัดนี้เพื่อ ตรวจสอบสถานะการโอนเงิน']
