[[[549, 103], [797, 103], [797, 223], [549, 223]], 'scb']
[[[452, 378], [835, 378], [835, 537], [452, 537]], 'โอนเงินสำเร็จ 28 มิ.ย. 2566 21:01']
[[[249, 551], [1039, 551], [1039, 614], [249, 614]], ' รหัสอ้างอิง: 202306285ndcyphcezh6ilgkt']
[[[70, 726], [146, 726], [146, 766], [70, 766]], 'จาก']
[[[790, 718], [1230, 718], [1230, 857], [790, 857]], 'นาย กฤษฎา สารวิทย์  xxx-xxx588-5']
[[[62, 912], [162, 912], [162, 966], [62, 966]], 'ไปยัง']
[[[649, 910], [1229, 910], [1229, 1053], [649, 1053]], 'นางสาว ณัฐธิดา วิเศษจิรโชค 1-5603-0008x-xx-x']
[[[65, 1197], [254, 1197], [254, 1256], [65, 1256]], ' จำนวนเงิน']
[[[1089, 1199], [1224, 1199], [1224, 1257], [1089, 1257]], '70.00']
[[[61, 1400], [770, 1400], [770, 1551], [61, 1551]], 'ผู้รับเงินสามารถสแกนคิวอาร์โคัดนี้เพื่อ ตรวจสอบสถานะการโอนเงิน']
