[[[438, 84], [804, 84], [804, 210], [438, 210]], 'oscb']
[[[501, 381], [789, 381], [789, 449], [501, 449]], 'โอนเงินสำเร็จ']
[[[450, 484], [838, 484], [838, 537], [450, 537]], '05 มิ.ย. 2566 21:30']
[[[262, 550], [1027, 550], [1027, 613], [262, 613]], ' รหัสอ้างอิง: 20230605968p83bjgaufutzk/']
[[[67, 723], [147, 723], [147, 767], [67, 767]], ' จาก']
[[[789, 716], [1231, 716], [1231, 857], [789, 857]], 'นาย กฤษฎา สารวิทย์  xxx-xxx588-5']
[[[62, 912], [162, 912], [162, 966], [62, 966]], 'ไปยัง']
[[[867, 917], [1225, 917], [1225, 1053], [867, 1053]], 'นาย วัชริศเชยชม  xxx-xxx-3528']
[[[64, 1196], [254, 1196], [254, 1250], [64, 1250]], ' จำนวนเงิน']
[[[1060, 1198], [1224, 1198], [1224, 1252], [1060, 1252]], '315.00']
[[[61, 1398], [770, 1398], [770, 1549], [61, 1549]], 'ผู้รับเงินสามารกสแกนคิวอาร์โคัดนี้เพื่อ ตรวจสอบสถานะการโอนเงิน']
