[[[549, 103], [797, 103], [797, 223], [549, 223]], 'scb']
[[[449, 378], [838, 378], [838, 535], [449, 535]], 'โอนเงินสำเร็จ 02 ก.ค. 2566 20:41']
[[[264, 554], [1026, 554], [1026, 612], [264, 612]], ' รหัสอ้างอิง: 202307025n2111gcf90zzx0zj']
[[[70, 726], [146, 726], [146, 766], [70, 766]], 'จาก']
[[[790, 718], [1230, 718], [1230, 857], [790, 857]], 'นาย กฤษฎา สารวิทย์  xxx-xxx588-5']
[[[62, 912], [162, 912], [162, 966], [62, 966]], 'ไปยัง']
[[[657, 905], [1231, 905], [1231, 1053], [657, 1053]], 'นาย ธนาศักดิ์ อภินพหิรัณย์ 3-7004-0022x-xx-x']
[[[65, 1197], [254, 1197], [254, 1256], [65, 1256]], ' จำนวนเงิน']
[[[1089, 1199], [1224, 1199], [1224, 1257], [1089, 1257]], '40.00']
[[[61, 1400], [770, 1400], [770, 1551], [61, 1551]], 'ผู้รับเงินสามารถสแกนคิวอาร์โคัดนี้เพื่อ ตรวจสอบสถานะการโอนเงิน']
