[[[549, 103], [797, 103], [797, 223], [549, 223]], 'scb']
[[[447, 378], [843, 378], [843, 535], [447, 535]], 'โอนเงินสำเร็จ 03 ก.ค. 2566 20:24']
[[[249, 551], [1039, 551], [1039, 613], [249, 613]], ' รหัสอ้างอิง: 202307037anbrudd jn6ruejag']
[[[70, 726], [146, 726], [146, 766], [70, 766]], 'จาก']
[[[790, 718], [1230, 718], [1230, 857], [790, 857]], 'นาย กฤษฎา สารวิทย์  xxx-xxx588-5']
[[[62, 912], [162, 912], [162, 966], [62, 966]], 'ไปยัง']
[[[610, 915], [1230, 915], [1230, 1053], [610, 1053]], 'นางสาว ศิริวรรณเบ็ญจวรรณ์  xxx-xxx-0502']
[[[65, 1197], [254, 1197], [254, 1256], [65, 1256]], ' จำนวนเงิน']
[[[1062, 1200], [1226, 1200], [1226, 1254], [1062, 1254]], '110.00']
[[[61, 1400], [770, 1400], [770, 1551], [61, 1551]], 'ผู้รับเงินสามารถสแกนคิวอาร์โคัดนี้เพื่อ ตรวจสอบสถานะการโอนเงิน']
