[[[438, 84], [804, 84], [804, 210], [438, 210]], 'oscb']
[[[450, 378], [839, 378], [839, 537], [450, 537]], 'โอนเงินสำเร็จ 05 มิ.ย. 2566 02:19']
[[[263, 552], [1021, 552], [1021, 608], [263, 608]], ' รหัสอ้างอิง: 202306057 ylid9snbia3i6sx']
[[[67, 723], [147, 723], [147, 767], [67, 767]], ' จาก']
[[[789, 716], [1231, 716], [1231, 857], [789, 857]], 'นาย กฤษฎา สารวิทย์  xxx-xxx588-5']
[[[62, 912], [162, 912], [162, 966], [62, 966]], 'ไปยัง']
[[[790, 914], [1230, 914], [1230, 1053], [790, 1053]], 'นาย กฤษฎา สารวิทย์  xxx-xxx976-6']
[[[64, 1196], [254, 1196], [254, 1250], [64, 1250]], ' จำนวนเงิน']
[[[1060, 1198], [1224, 1198], [1224, 1252], [1060, 1252]], '834.00']
[[[61, 1398], [770, 1398], [770, 1549], [61, 1549]], 'ผู้รับเงินสามารกสแกนคิวอาร์โคัดนี้เพื่อ ตรวจสอบสถานะการโอนเงิน']
