[[[549, 103], [797, 103], [797, 223], [549, 223]], 'scb']
[[[451, 378], [839, 378], [839, 535], [451, 535]], 'โอนเงินสำเร็จ 02 ก.ค. 2566 13:22']
[[[250, 554], [1038, 554], [1038, 612], [250, 612]], ' รหัสอ้างอิง: 202307026eix34bg"727do4pg']
[[[70, 726], [146, 726], [146, 766], [70, 766]], 'จาก']
[[[790, 718], [1230, 718], [1230, 857], [790, 857]], 'นาย กฤษฎา สารวิทย์  xxx-xxx588-5']
[[[62, 912], [162, 912], [162, 966], [62, 966]], 'ไปยัง']
[[[776, 914], [1228, 914], [1228, 1053], [776, 1053]], 'นาย ดุษฎีส่งเกษรชาติ  xxx-xxx-7661']
[[[65, 1197], [254, 1197], [254, 1256], [65, 1256]], ' จำนวนเงิน']
[[[1089, 1199], [1224, 1199], [1224, 1257], [1089, 1257]], '40.00']
[[[61, 1400], [770, 1400], [770, 1551], [61, 1551]], 'ผู้รับเงินสามารถสแกนคิวอาร์โคัดนี้เพื่อ ตรวจสอบสถานะการโอนเงิน']
