[[[549, 103], [797, 103], [797, 223], [549, 223]], 'scb']
[[[453, 378], [835, 378], [835, 536], [453, 536]], 'โอนเงินสำเร็จ 17 มิ.ย. 2566 19:56']
[[[234, 554], [1054, 554], [1054, 608], [234, 608]], ' รหัสอ้างอิง: 20230617owtt9ckns0g7dhxnd']
[[[70, 726], [146, 726], [146, 766], [70, 766]], 'จาก']
[[[790, 718], [1230, 718], [1230, 857], [790, 857]], 'นาย กฤษฎา สารวิทย์  xxx-xxx588-5']
[[[62, 912], [162, 912], [162, 966], [62, 966]], 'ไปยัง']
[[[833, 909], [1229, 909], [1229, 1053], [833, 1053]], 'น.ส. ณัฐวดี ติณภูมิ  xxx-xxx-1324']
[[[65, 1197], [254, 1197], [254, 1256], [65, 1256]], ' จำนวนเงิน']
[[[1088, 1200], [1224, 1200], [1224, 1256], [1088, 1256]], '29.00']
[[[61, 1400], [770, 1400], [770, 1551], [61, 1551]], 'ผู้รับเงินสามารถสแกนคิวอาร์โคัดนี้เพื่อ ตรวจสอบสถานะการโอนเงิน']
