[[[549, 103], [797, 103], [797, 223], [549, 223]], 'scb']
[[[444, 378], [845, 378], [845, 537], [444, 537]], 'โอนเงินสำเร็จ 30 พ.ค. 2566 20:58']
[[[261, 553], [1026, 553], [1026, 606], [261, 606]], ' รหัสอ้างอิง: 202305302olljmje8sdukiv4dz']
[[[70, 728], [146, 728], [146, 766], [70, 766]], ' จาก']
[[[790, 718], [1230, 718], [1230, 857], [790, 857]], 'นาย กฤษฎา สารวิทย์  xxx-xxx588-5']
[[[62, 912], [162, 912], [162, 966], [62, 966]], 'ไปยัง']
[[[833, 909], [1229, 909], [1229, 1053], [833, 1053]], 'น.ส. ณัฐวดี ติณภูมิ  xxx-xxx-1324']
[[[66, 1196], [254, 1196], [254, 1250], [66, 1250]], 'จำนวนเงิน']
[[[1062, 1198], [1224, 1198], [1224, 1252], [1062, 1252]], '135.00']
[[[61, 1398], [770, 1398], [770, 1549], [61, 1549]], 'ผู้รับเงินสามารกสแกนคิวอาร์โคัดนี้เพื่อ ตรวจสอบสถานะการโอนเงิน']
