[[[549, 103], [797, 103], [797, 223], [549, 223]], 'scb']
[[[451, 378], [839, 378], [839, 535], [451, 535]], 'โอนเงินสำเร็จ 07 ก.ค. 2566 20:10']
[[[265, 553], [1023, 553], [1023, 615], [265, 615]], ' รหัสอ้างอิง: 202307077uknnitcypyfynz1j']
[[[70, 726], [146, 726], [146, 766], [70, 766]], 'จาก']
[[[790, 718], [1230, 718], [1230, 857], [790, 857]], 'นาย กฤษฎา สารวิทย์  xxx-xxx588-5']
[[[62, 912], [162, 912], [162, 966], [62, 966]], 'ไปยัง']
[[[773, 909], [1230, 909], [1230, 1053], [773, 1053]], 'นายติสรณํ สุพรรณดี  xxx-xxx-0277']
[[[65, 1197], [254, 1197], [254, 1256], [65, 1256]], ' จำนวนเงิน']
[[[1062, 1200], [1226, 1200], [1226, 1254], [1062, 1254]], '110.00']
[[[61, 1400], [770, 1400], [770, 1551], [61, 1551]], 'ผู้รับเงินสามารถสแกนคิวอาร์โคัดนี้เพื่อ ตรวจสอบสถานะการโอนเงิน']
