[[[549, 103], [797, 103], [797, 223], [549, 223]], 'scb']
[[[452, 378], [835, 378], [835, 537], [452, 537]], 'โอนเงินสำเร็จ 19 ก.ค. 2566 12:47']
[[[242, 553], [1046, 553], [1046, 610], [242, 610]], ' รหัสอ้างอิง: 2023071940wnzilmofu07amg8']
[[[70, 726], [146, 726], [146, 766], [70, 766]], 'จาก']
[[[790, 718], [1230, 718], [1230, 857], [790, 857]], 'นาย กฤษฎา สารวิทย์  xxx-xxx588-5']
[[[62, 912], [162, 912], [162, 966], [62, 966]], 'ไปยัง']
[[[771, 906], [1230, 906], [1230, 1053], [771, 1053]], 'นาย สัมฤทธิ รัตนทิพย์  xxx-xxx-6145']
[[[65, 1197], [254, 1197], [254, 1256], [65, 1256]], ' จำนวนเงิน']
[[[1089, 1199], [1224, 1199], [1224, 1257], [1089, 1257]], '40.00']
[[[61, 1400], [770, 1400], [770, 1551], [61, 1551]], 'ผู้รับเงินสามารถสแกนคิวอาร์โคัดนี้เพื่อ ตรวจสอบสถานะการโอนเงิน']
