[[[549, 103], [797, 103], [797, 223], [549, 223]], 'scb']
[[[449, 378], [841, 378], [841, 535], [449, 535]], 'โอนเงินสำเร็จ 22 ก.ค. 2566 13:45']
[[[252, 554], [1038, 554], [1038, 610], [252, 610]], ' รหัสอ้างอิง: 202307223whzuct5vlagrcrgc']
[[[70, 726], [146, 726], [146, 766], [70, 766]], 'จาก']
[[[790, 718], [1230, 718], [1230, 857], [790, 857]], 'นาย กฤษฎา สารวิทย์  xxx-xxx588-5']
[[[62, 912], [162, 912], [162, 966], [62, 966]], 'ไปยัง']
[[[705, 905], [1231, 905], [1231, 1053], [705, 1053]], 'นายณัฐพงศ์ พงษ์จิตภักดิ์  xxx-xxx-4237']
[[[65, 1197], [254, 1197], [254, 1256], [65, 1256]], ' จำนวนเงิน']
[[[1089, 1199], [1224, 1199], [1224, 1257], [1089, 1257]], '70.00']
[[[61, 1400], [770, 1400], [770, 1551], [61, 1551]], 'ผู้รับเงินสามารถสแกนคิวอาร์โคัดนี้เพื่อ ตรวจสอบสถานะการโอนเงิน']
