[[[438, 84], [804, 84], [804, 210], [438, 210]], 'oscb']
[[[451, 377], [837, 377], [837, 536], [451, 536]], 'เติมเงิน สำเร็จ 01 มิ.ย. 2566 08:15']
[[[255, 553], [1032, 553], [1032, 608], [255, 608]], ' รหัสอ้างอิง: 202306015n27omhp9uvb1itfa']
[[[67, 723], [147, 723], [147, 767], [67, 767]], ' จาก']
[[[789, 715], [1232, 715], [1232, 857], [789, 857]], 'นาย กฤษฎา สารวิทย์  xxx-xxx588-5']
[[[62, 912], [162, 912], [162, 966], [62, 966]], 'ไปยัง']
[[[861, 913], [1227, 913], [1227, 1053], [861, 1053]], 'เติมเงินพร้อมเพย์ 140000813544657']
[[[66, 1196], [254, 1196], [254, 1250], [66, 1250]], ' จำนวนเงิน']
[[[1090, 1198], [1224, 1198], [1224, 1252], [1090, 1252]], '40.00']
[[[61, 1326], [627, 1326], [627, 1467], [61, 1467]], 'ข้อมูลเพิ่มเติมจากผู้ไห้บริการ นาถวดี เหลืองเกษร (truemoney)']
[[[61, 1604], [770, 1604], [770, 1756], [61, 1756]], 'ผู้รับเงินสามารกสแกนคิวอาร์โคัดนี้เพื่อ ตรวจสอบสถานะการเติมเงิน']
