[[[549, 103], [797, 103], [797, 223], [549, 223]], 'scb']
[[[455, 378], [835, 378], [835, 535], [455, 535]], 'โอนเงินสำเร็จ 17 ก.ค. 2566 21:20']
[[[249, 551], [1037, 551], [1037, 613], [249, 613]], ' รหัสอ้างอิง: 202307175ahb6g]9s/4บk2770']
[[[70, 726], [146, 726], [146, 766], [70, 766]], 'จาก']
[[[790, 718], [1230, 718], [1230, 857], [790, 857]], 'นาย กฤษฎา สารวิทย์  xxx-xxx588-5']
[[[62, 912], [162, 912], [162, 966], [62, 966]], 'ไปยัง']
[[[790, 914], [1230, 914], [1230, 1053], [790, 1053]], 'นาย กฤษฎา สารวิทย์ xxx-xxx976-6']
[[[65, 1197], [254, 1197], [254, 1256], [65, 1256]], ' จำนวนเงิน']
[[[1062, 1200], [1226, 1200], [1226, 1258], [1062, 1258]], '500.00']
[[[61, 1400], [770, 1400], [770, 1551], [61, 1551]], 'ผู้รับเงินสามารถสแกนคิวอาร์โคัดนี้เพื่อ ตรวจสอบสถานะการโอนเงิน']
