[[[438, 84], [804, 84], [804, 210], [438, 210]], 'oscb']
[[[501, 381], [789, 381], [789, 449], [501, 449]], 'โอนเงินสำเร็จ']
[[[455, 485], [833, 485], [833, 535], [455, 535]], '01 มิ.ย. 2566 08:11']
[[[236, 553], [1050, 553], [1050, 610], [236, 610]], ' รหัสอ้างอิง: 20230601243qzddbcfh2xxund']
[[[67, 723], [147, 723], [147, 767], [67, 767]], ' จาก']
[[[789, 716], [1231, 716], [1231, 857], [789, 857]], 'นาย กฤษฎา สารวิทย์  xxx-xxx588-5']
[[[62, 912], [162, 912], [162, 966], [62, 966]], 'ไปยัง']
[[[725, 907], [1229, 907], [1229, 1053], [725, 1053]], 'นาย อภิสิทธิ เนียมสูงเนิน  xxx-xxx-9297']
[[[64, 1196], [254, 1196], [254, 1250], [64, 1250]], ' จำนวนเงิน']
[[[1087, 1197], [1223, 1197], [1223, 1251], [1087, 1251]], '35.00']
[[[61, 1398], [770, 1398], [770, 1549], [61, 1549]], 'ผู้รับเงินสามารกสแกนคิวอาร์โคัดนี้เพื่อ ตรวจสอบสถานะการโอนเงิน']
