[[[438, 84], [804, 84], [804, 210], [438, 210]], 'oscb']
[[[451, 375], [839, 375], [839, 535], [451, 535]], 'เติมเงินสำเร็จ 02 มิ.ย. 2566 13:23']
[[[238, 553], [1050, 553], [1050, 612], [238, 612]], ' รหัสอ้างอิง: 202306023udxymkrnuptohshe']
[[[67, 723], [147, 723], [147, 767], [67, 767]], ' จาก']
[[[789, 715], [1232, 715], [1232, 857], [789, 857]], 'นาย กฤษฎา สารวิทย์  xxx-xxx588-5']
[[[62, 912], [162, 912], [162, 966], [62, 966]], 'ไปยัง']
[[[857, 913], [1227, 913], [1227, 1055], [857, 1055]], 'เติมเงินพร้อมเพย์ 140000926425922']
[[[66, 1196], [254, 1196], [254, 1250], [66, 1250]], ' จำนวนเงิน']
[[[1090, 1198], [1224, 1198], [1224, 1252], [1090, 1252]], '70.00']
[[[62, 1326], [568, 1326], [568, 1466], [62, 1466]], 'ข้อมูลเพิ่มเติมจากผู้ไห้บริการ นมัย สรแสง (truemoney)']
[[[61, 1604], [770, 1604], [770, 1756], [61, 1756]], 'ผู้รับเงินสามารกสแกนคิวอาร์โคัดนี้เพื่อ ตรวจสอบสถานะการเติมเงิน']
