[[[549, 103], [797, 103], [797, 223], [549, 223]], 'scb']
[[[451, 378], [838, 378], [838, 536], [451, 536]], 'โอนเงินสำเร็จ 22 มิ.ย. 2566 20:01']
[[[240, 552], [1048, 552], [1048, 606], [240, 606]], ' รหัสอ้างอิง: 202306223mtrcn4otsa5mg7hn']
[[[70, 726], [146, 726], [146, 766], [70, 766]], 'จาก']
[[[790, 718], [1230, 718], [1230, 857], [790, 857]], 'นาย กฤษฎา สารวิทย์  xxx-xxx588-5']
[[[62, 912], [162, 912], [162, 966], [62, 966]], 'ไปยัง']
[[[610, 915], [1230, 915], [1230, 1053], [610, 1053]], 'นางสาว ศิริวรรณเบ็ญจวรรณ์  xxx-xxx-0502']
[[[65, 1197], [254, 1197], [254, 1256], [65, 1256]], ' จำนวนเงิน']
[[[1061, 1198], [1224, 1198], [1224, 1257], [1061, 1257]], '100.00']
[[[61, 1400], [770, 1400], [770, 1551], [61, 1551]], 'ผู้รับเงินสามารถสแกนคิวอาร์โคัดนี้เพื่อ ตรวจสอบสถานะการโอนเงิน']
