[[[438, 84], [804, 84], [804, 210], [438, 210]], 'oscb']
[[[449, 379], [841, 379], [841, 536], [449, 536]], 'จ่ายบิลสำเร็จ 04 มิ.ย. 2566 19:34']
[[[261, 553], [1026, 553], [1026, 612], [261, 612]], ' รหัสอ้างอิง: 202306048socpixifesyzkobf']
[[[68, 726], [146, 726], [146, 766], [68, 766]], ' จาก']
[[[790, 718], [1230, 718], [1230, 857], [790, 857]], 'นาย กฤษฎา สารวิทย์  xxx-xxx588-5']
[[[62, 912], [162, 912], [162, 966], [62, 966]], 'ไปยัง']
[[[501, 921], [1227, 921], [1227, 1236], [501, 1236]], 'k- shop (lerbung) biller ld 010753600031508  รหัสร้านค้า kb000001782996  รหัสธุรกรรม  kps004k8000001782996  เลขที่อ้างอิง 3 : 42017025']
[[[65, 1377], [255, 1377], [255, 1433], [65, 1433]], ' จำนวนเงิน']
[[[1087, 1379], [1223, 1379], [1223, 1433], [1087, 1433]], '25.00']
[[[61, 1580], [770, 1580], [770, 1732], [61, 1732]], 'ผู้รับเงินสามารกสแกนคิวอาร์โคัดนี้เพื่อ ตรวจสอบสถานะการจ่ายเงิน']
