[[[549, 103], [797, 103], [797, 223], [549, 223]], 'scb']
[[[449, 378], [841, 378], [841, 535], [449, 535]], 'โอนเงินสำเร็จ 06 ก.ค. 2566 13:46']
[[[246, 553], [1042, 553], [1042, 610], [246, 610]], ' รหัสอ้างอิง: 20230706553k0n0e0utaavlpn']
[[[70, 726], [146, 726], [146, 766], [70, 766]], 'จาก']
[[[790, 718], [1230, 718], [1230, 857], [790, 857]], 'นาย กฤษฎา สารวิทย์  xxx-xxx588-5']
[[[62, 912], [162, 912], [162, 966], [62, 966]], 'ไปยัง']
[[[684, 960], [732, 960], [732, 978], [684, 978]], 'ออมสิบ']
[[[757, 908], [1230, 908], [1230, 1053], [757, 1053]], 'นางไพเราะ สุนทรวัฒน์ x-3710']
[[[65, 1197], [254, 1197], [254, 1256], [65, 1256]], ' จำนวนเงิน']
[[[1087, 1199], [1224, 1199], [1224, 1257], [1087, 1257]], '35.00']
[[[61, 1400], [770, 1400], [770, 1551], [61, 1551]], 'ผู้รับเงินสามารถสแกนคิวอาร์โคัดนี้เพื่อ ตรวจสอบสถานะการโอนเงิน']
