[[[438, 84], [804, 84], [804, 210], [438, 210]], 'oscb']
[[[451, 380], [839, 380], [839, 536], [451, 536]], 'จ่ายเงินสำเร็จ 02 มิ.ย. 2566 18:22']
[[[244, 553], [1044, 553], [1044, 608], [244, 608]], ' รหัสอ้างอิง: 202306026cb620sz6j7hg6pv']
[[[68, 726], [146, 726], [146, 766], [68, 766]], ' จาก']
[[[790, 718], [1230, 718], [1230, 857], [790, 857]], 'นาย กฤษฎา สารวิทย์  xxx-xxx588-5']
[[[62, 912], [162, 912], [162, 966], [62, 966]], 'ไปยัง']
[[[494, 921], [1225, 921], [1225, 1239], [494, 1239]], 'vitalitx tha/ opco co. ltd. biller ld 011556203002051 เลขอ้างอิงที่ 1 : 65700365219982227274 เลขอ้างอิงที่ 2 : t เลขที่อ้างอิง 3 ang65700365']
[[[65, 1377], [255, 1377], [255, 1433], [65, 1433]], ' จำนวนเงิน']
[[[1088, 1380], [1224, 1380], [1224, 1434], [1088, 1434]], '95.00']
[[[61, 1580], [770, 1580], [770, 1732], [61, 1732]], 'ผู้รับเงินสามารกสแกนคิวอาร์โคัดนี้เพื่อ ตรวจสอบสถานะการจ่ายเงิน']
