[[[549, 103], [797, 103], [797, 223], [549, 223]], 'scb']
[[[448, 378], [839, 378], [839, 537], [448, 537]], 'โอนเงินสำเร็จ 25 มิ.ย. 2566 20:57']
[[[263, 555], [1025, 555], [1025, 605], [263, 605]], ' รหัสอ้างอิง: 2023062571fvpncn4xtxd65ce']
[[[70, 726], [146, 726], [146, 766], [70, 766]], 'จาก']
[[[790, 718], [1230, 718], [1230, 857], [790, 857]], 'นาย กฤษฎา สารวิทย์  xxx-xxx588-5']
[[[62, 912], [162, 912], [162, 966], [62, 966]], 'ไปยัง']
[[[795, 920], [1224, 920], [1224, 978], [795, 978]], 'นายศราวธ หินพลชม']
[[[965, 1009], [1223, 1009], [1223, 1053], [965, 1053]], ' xxx-xxx-9702']
[[[65, 1197], [254, 1197], [254, 1256], [65, 1256]], ' จำนวนเงิน']
[[[1062, 1200], [1224, 1200], [1224, 1254], [1062, 1254]], '134.00']
[[[61, 1400], [770, 1400], [770, 1551], [61, 1551]], 'ผู้รับเงินสามารถสแกนคิวอาร์โคัดนี้เพื่อ ตรวจสอบสถานะการโอนเงิน']
