[[[549, 103], [797, 103], [797, 223], [549, 223]], 'scb']
[[[449, 378], [841, 378], [841, 535], [449, 535]], 'โอนเงินสำเร็จ 04 ก.ค. 2566 20:10']
[[[246, 554], [1041, 554], [1041, 611], [246, 611]], ' รหัสอ้างอิง: 202307043bw6irjwyy jdxune1']
[[[70, 726], [146, 726], [146, 766], [70, 766]], 'จาก']
[[[790, 718], [1230, 718], [1230, 857], [790, 857]], 'นาย กฤษฎา สารวิทย์  xxx-xxx588-5']
[[[62, 912], [162, 912], [162, 966], [62, 966]], 'ไปยัง']
[[[626, 905], [1232, 905], [1232, 1053], [626, 1053]], 'tb นาย บุญเรือง ซ้ายลิ่มสร้าง x-6442']
[[[65, 1197], [254, 1197], [254, 1256], [65, 1256]], ' จำนวนเงิน']
[[[1089, 1199], [1224, 1199], [1224, 1257], [1089, 1257]], '15.00']
[[[61, 1400], [770, 1400], [770, 1551], [61, 1551]], 'ผู้รับเงินสามารถสแกนคิวอาร์โคัดนี้เพื่อ ตรวจสอบสถานะการโอนเงิน']
