[[[549, 103], [797, 103], [797, 223], [549, 223]], 'scb']
[[[457, 378], [833, 378], [833, 535], [457, 535]], 'โอนเงินสำเร็จ 17 ก.ค. 2566 21:18']
[[[255, 555], [1031, 555], [1031, 605], [255, 605]], ' รหัสอ้างอิง: 202307172vkvk4igtvh36ar0']
[[[70, 726], [146, 726], [146, 766], [70, 766]], 'จาก']
[[[790, 718], [1230, 718], [1230, 857], [790, 857]], 'นาย กฤษฎา สารวิทย์  xxx-xxx588-5']
[[[62, 912], [162, 912], [162, 966], [62, 966]], 'ไปยัง']
[[[709, 914], [1228, 914], [1228, 1053], [709, 1053]], 'นายกฤตพณพร้อมจะบก  xxx-xxx-5047']
[[[65, 1197], [254, 1197], [254, 1256], [65, 1256]], ' จำนวนเงิน']
[[[1087, 1199], [1223, 1199], [1223, 1253], [1087, 1253]], '84.00']
[[[61, 1400], [770, 1400], [770, 1551], [61, 1551]], 'ผู้รับเงินสามารถสแกนคิวอาร์โคัดนี้เพื่อ ตรวจสอบสถานะการโอนเงิน']
