[[[549, 103], [797, 103], [797, 223], [549, 223]], 'scb']
[[[453, 378], [836, 378], [836, 535], [453, 535]], 'โอนเงินสำเร็จ 21 ก.ค. 2566 13:08']
[[[238, 553], [1052, 553], [1052, 606], [238, 606]], ' รหัสอ้างอิง: 202307210ad04lcrwramnpn9m']
[[[70, 726], [146, 726], [146, 766], [70, 766]], 'จาก']
[[[790, 718], [1230, 718], [1230, 857], [790, 857]], 'นาย กฤษฎา สารวิทย์  xxx-xxx588-5']
[[[62, 912], [162, 912], [162, 966], [62, 966]], 'ไปยัง']
[[[804, 914], [1228, 914], [1228, 1053], [804, 1053]], 'นาย สมัชญ์วีรกรรม  xxx-xxx-2578']
[[[65, 1197], [254, 1197], [254, 1256], [65, 1256]], ' จำนวนเงิน']
[[[1061, 1199], [1223, 1199], [1223, 1255], [1061, 1255]], '129.00']
[[[61, 1400], [770, 1400], [770, 1551], [61, 1551]], 'ผู้รับเงินสามารถสแกนคิวอาร์โคัดนี้เพื่อ ตรวจสอบสถานะการโอนเงิน']
