[[[549, 103], [797, 103], [797, 223], [549, 223]], 'scb']
[[[450, 378], [837, 378], [837, 537], [450, 537]], 'โอนเงินสำเร็จ 05 ก.ค. 2566 21:07']
[[[242, 554], [1046, 554], [1046, 609], [242, 609]], ' รหัสอ้างอิง: 202307057vueuge7 j9do94fqd']
[[[70, 726], [146, 726], [146, 766], [70, 766]], 'จาก']
[[[790, 718], [1230, 718], [1230, 857], [790, 857]], 'นาย กฤษฎา สารวิทย์  xxx-xxx588-5']
[[[62, 912], [162, 912], [162, 966], [62, 966]], 'ไปยัง']
[[[610, 915], [1230, 915], [1230, 1053], [610, 1053]], 'นางสาว ศิริวรรณเบ็ญจวรรณ์  xxx-xxx-0502']
[[[65, 1197], [254, 1197], [254, 1256], [65, 1256]], ' จำนวนเงิน']
[[[1062, 1200], [1224, 1200], [1224, 1256], [1062, 1256]], '125.00']
[[[61, 1400], [770, 1400], [770, 1551], [61, 1551]], 'ผู้รับเงินสามารถสแกนคิวอาร์โคัดนี้เพื่อ ตรวจสอบสถานะการโอนเงิน']
