[[[549, 103], [797, 103], [797, 223], [549, 223]], 'scb']
[[[451, 378], [839, 378], [839, 536], [451, 536]], 'โอนเงินสำเร็จ 21 มิ.ย. 2566 20:39']
[[[238, 553], [1050, 553], [1050, 606], [238, 606]], ' รหัสอ้างอิง: 202306216cemxcrdfdhmsz9xx']
[[[70, 726], [146, 726], [146, 766], [70, 766]], 'จาก']
[[[790, 718], [1230, 718], [1230, 857], [790, 857]], 'นาย กฤษฎา สารวิทย์  xxx-xxx588-5']
[[[62, 912], [162, 912], [162, 966], [62, 966]], 'ไปยัง']
[[[610, 915], [1230, 915], [1230, 1053], [610, 1053]], 'นางสาว ศิริวรรณเบ็ญจวรรณ์  xxx-xxx-0502']
[[[65, 1197], [254, 1197], [254, 1256], [65, 1256]], ' จำนวนเงิน']
[[[1062, 1200], [1224, 1200], [1224, 1256], [1062, 1256]], '100.00']
[[[1042, 1356], [1160, 1356], [1160, 1448], [1042, 1448]], 'ีิ่รรู']
[[[61, 1400], [770, 1400], [770, 1551], [61, 1551]], 'ผู้รับเงินสามารถสแกนคิวอาร์โคัดนี้เพื่อ ตรวจสอบสถานะการโอนเงิน']
