[[[549, 103], [797, 103], [797, 223], [549, 223]], 'scb']
[[[449, 378], [838, 378], [838, 536], [449, 536]], 'โอนเงินสำเร็จ 23 มิ.ย. 2566 08:14']
[[[251, 553], [1038, 553], [1038, 606], [251, 606]], ' รหัสอ้างอิง: 202306232swgdxkke91bbtdlo']
[[[70, 726], [146, 726], [146, 766], [70, 766]], 'จาก']
[[[790, 718], [1230, 718], [1230, 857], [790, 857]], 'นาย กฤษฎา สารวิทย์  xxx-xxx976-6']
[[[62, 912], [162, 912], [162, 966], [62, 966]], 'ไปยัง']
[[[790, 914], [1230, 914], [1230, 1053], [790, 1053]], 'นาย กฤษฎา สารวิทย์  xxx-xxx588-5']
[[[65, 1197], [254, 1197], [254, 1256], [65, 1256]], ' จำนวนเงิน']
[[[1088, 1202], [1224, 1202], [1224, 1256], [1088, 1256]], '25.52']
[[[61, 1400], [770, 1400], [770, 1551], [61, 1551]], 'ผู้รับเงินสามารถสแกนคิวอาร์โคัดนี้เพื่อ ตรวจสอบสถานะการโอนเงิน']
