[[[549, 103], [797, 103], [797, 223], [549, 223]], 'scb']
[[[445, 378], [843, 378], [843, 535], [445, 535]], 'โอนเงินสำเร็จ 04 ก.ค. 2566 20:08']
[[[247, 555], [1039, 555], [1039, 605], [247, 605]], ' รหัสอ้างอิง: 202307045hicza1osdwe03b8p']
[[[70, 726], [146, 726], [146, 766], [70, 766]], 'จาก']
[[[790, 718], [1230, 718], [1230, 857], [790, 857]], 'นาย กฤษฎา สารวิทย์  xxx-xxx588-5']
[[[62, 912], [162, 912], [162, 966], [62, 966]], 'ไปยัง']
[[[610, 915], [1230, 915], [1230, 1053], [610, 1053]], 'นางสาว ศิริวรรณเบ็ญจวรรณ์  xxx-xxx-0502']
[[[65, 1197], [254, 1197], [254, 1256], [65, 1256]], ' จำนวนเงิน']
[[[1062, 1200], [1226, 1200], [1226, 1254], [1062, 1254]], '110.00']
[[[61, 1400], [770, 1400], [770, 1551], [61, 1551]], 'ผู้รับเงินสามารถสแกนคิวอาร์โคัดนี้เพื่อ ตรวจสอบสถานะการโอนเงิน']
