[[[438, 84], [804, 84], [804, 210], [438, 210]], 'oscb']
[[[501, 381], [789, 381], [789, 449], [501, 449]], 'โอนเงินสำเร็จ']
[[[447, 487], [843, 487], [843, 536], [447, 536]], '05 มิ.ย. 2566 02:39']
[[[239, 552], [1047, 552], [1047, 615], [239, 615]], ' รหัสอ้างอิง: 202306050g3mw0bozt6uloez4']
[[[67, 723], [147, 723], [147, 767], [67, 767]], ' จาก']
[[[789, 716], [1231, 716], [1231, 857], [789, 857]], 'นาย กฤษฎา สารวิทย์ xxx-xxx976-6']
[[[62, 912], [162, 912], [162, 966], [62, 966]], 'ไปยัง']
[[[789, 912], [1231, 912], [1231, 1053], [789, 1053]], 'นาย กฤษฎา สารวิทย์ x-6737']
[[[64, 1196], [254, 1196], [254, 1250], [64, 1250]], ' จำนวนเงิน']
[[[1021, 1197], [1227, 1197], [1227, 1261], [1021, 1261]], '1,000.00']
[[[61, 1398], [770, 1398], [770, 1549], [61, 1549]], 'ผู้รับเงินสามารกสแกนคิวอาร์โคัดนี้เพื่อ ตรวจสอบสถานะการโอนเงิน']
[[[1077, 1453], [1125, 1453], [1125, 1521], [1077, 1521]], 'i.']
