[[[549, 103], [797, 103], [797, 223], [549, 223]], 'scb']
[[[455, 378], [834, 378], [834, 536], [455, 536]], 'โอนเงินสำเร็จ 17 มิ.ย. 2566 12:58']
[[[242, 554], [1046, 554], [1046, 610], [242, 610]], ' รหัสอ้างอิง: 20230617947n581l3a2vxgzmv']
[[[70, 726], [146, 726], [146, 766], [70, 766]], 'จาก']
[[[790, 718], [1230, 718], [1230, 857], [790, 857]], 'นาย กฤษฎา สารวิทย์  xxx-xxx588-5']
[[[62, 912], [162, 912], [162, 966], [62, 966]], 'ไปยัง']
[[[790, 914], [1230, 914], [1230, 1053], [790, 1053]], 'นาย กฤษฎา สารวิทย์ 1-3099-0291x-xx-x']
[[[65, 1197], [254, 1197], [254, 1256], [65, 1256]], ' จำนวนเงิน']
[[[1061, 1198], [1224, 1198], [1224, 1257], [1061, 1257]], '400.00']
[[[61, 1400], [770, 1400], [770, 1551], [61, 1551]], 'ผู้รับเงินสามารถสแกนคิวอาร์โคัดนี้เพื่อ ตรวจสอบสถานะการโอนเงิน']
