[[[549, 103], [797, 103], [797, 223], [549, 223]], 'scb']
[[[451, 378], [837, 378], [837, 535], [451, 535]], 'โอนเงินสำเร็จ 10 ก.ค. 2566 12:29']
[[[264, 554], [1026, 554], [1026, 612], [264, 612]], ' รหัสอ้างอิง: 202307105hodshptdt1ylzen4']
[[[70, 726], [146, 726], [146, 766], [70, 766]], 'จาก']
[[[790, 718], [1230, 718], [1230, 857], [790, 857]], 'นาย กฤษฎา สารวิทย์  xxx-xxx588-5']
[[[62, 912], [162, 912], [162, 966], [62, 966]], 'ไปยัง']
[[[684, 960], [732, 960], [732, 978], [684, 978]], 'ออมสิบ']
[[[757, 908], [1230, 908], [1230, 1053], [757, 1053]], 'นางไพเราะ สุนทรวัฒน์ x-3710']
[[[65, 1197], [254, 1197], [254, 1256], [65, 1256]], ' จำนวนเงิน']
[[[1087, 1199], [1224, 1199], [1224, 1257], [1087, 1257]], '35.00']
[[[61, 1400], [770, 1400], [770, 1551], [61, 1551]], 'ผู้รับเงินสามารถสแกนคิวอาร์โคัดนี้เพื่อ ตรวจสอบสถานะการโอนเงิน']
