[[[549, 103], [797, 103], [797, 223], [549, 223]], 'scb']
[[[449, 378], [838, 378], [838, 536], [449, 536]], 'โอนเงินสำเร็จ 23 มิ.ย. 2566 08:14']
[[[248, 553], [1040, 553], [1040, 606], [248, 606]], ' รหัสอ้างอิง: 202306230h6cpls3mhzawe1p0']
[[[70, 726], [146, 726], [146, 766], [70, 766]], 'จาก']
[[[790, 718], [1230, 718], [1230, 857], [790, 857]], 'นาย กฤษฎา สารวิทย์  xxx-xxx588-5']
[[[62, 912], [162, 912], [162, 966], [62, 966]], 'ไปยัง']
[[[790, 914], [1230, 914], [1230, 1053], [790, 1053]], 'นาย กฤษฎา สารวิทย์ xxx-xxx976-6']
[[[65, 1197], [254, 1197], [254, 1256], [65, 1256]], ' จำนวนเงิน']
[[[1019, 1194], [1229, 1194], [1229, 1265], [1019, 1265]], '7,000.00']
[[[61, 1400], [770, 1400], [770, 1551], [61, 1551]], 'ผู้รับเงินสามารถสแกนคิวอาร์โคัดนี้เพื่อ ตรวจสอบสถานะการโอนเงิน']
