[[[438, 84], [804, 84], [804, 210], [438, 210]], 'oscb']
[[[501, 381], [789, 381], [789, 449], [501, 449]], 'โอนเงินสำเร็จ']
[[[449, 487], [841, 487], [841, 535], [449, 535]], '04 มิ.ย. 2566 18:49']
[[[259, 552], [1028, 552], [1028, 609], [259, 609]], ' รหัสอ้างอิง: 202306049wlatzartrgffike7']
[[[67, 723], [147, 723], [147, 767], [67, 767]], ' จาก']
[[[789, 716], [1231, 716], [1231, 857], [789, 857]], 'นาย กฤษฎา สารวิทย์  xxx-xxx588-5']
[[[62, 912], [162, 912], [162, 966], [62, 966]], 'ไปยัง']
[[[851, 915], [1225, 915], [1225, 1053], [851, 1053]], 'น.ส.ฺมานี หารมาก  xxx-xxx-6490']
[[[64, 1196], [254, 1196], [254, 1250], [64, 1250]], ' จำนวนเงิน']
[[[1089, 1197], [1223, 1197], [1223, 1251], [1089, 1251]], '50.00']
[[[61, 1398], [770, 1398], [770, 1549], [61, 1549]], 'ผู้รับเงินสามารกสแกนคิวอาร์โคัดนี้เพื่อ ตรวจสอบสถานะการโอนเงิน']
