[[[438, 84], [804, 84], [804, 210], [438, 210]], 'oscb']
[[[501, 381], [789, 381], [789, 449], [501, 449]], 'โอนเงินสำเร็จ']
[[[447, 487], [841, 487], [841, 536], [447, 536]], '02 มิ.ย. 2566 22:39']
[[[255, 552], [1032, 552], [1032, 610], [255, 610]], ' รหัสอ้างอิง: 2023060294pt5zbi3rnzoujv']
[[[67, 723], [147, 723], [147, 767], [67, 767]], ' จาก']
[[[789, 716], [1231, 716], [1231, 857], [789, 857]], 'นาย กฤษฎา สารวิทย์  xxx-xxx588-5']
[[[62, 912], [162, 912], [162, 966], [62, 966]], 'ไปยัง']
[[[773, 911], [1229, 911], [1229, 1053], [773, 1053]], 'นาย ดุษฎี ส่งเกษรชาติ  xxx-xxx-7661']
[[[64, 1196], [254, 1196], [254, 1250], [64, 1250]], ' จำนวนเงิน']
[[[1060, 1198], [1224, 1198], [1224, 1252], [1060, 1252]], '269.00']
[[[61, 1398], [770, 1398], [770, 1549], [61, 1549]], 'ผู้รับเงินสามารกสแกนคิวอาร์โคัดนี้เพื่อ ตรวจสอบสถานะการโอนเงิน']
