[[[549, 103], [797, 103], [797, 223], [549, 223]], 'scb']
[[[451, 378], [837, 378], [837, 535], [451, 535]], 'โอนเงินสำเร็จ 15 ก.ค. 2566 18:26']
[[[254, 554], [1035, 554], [1035, 611], [254, 611]], ' รหัสอ้างอิง: 2023071502obl8gcpvnciewkp']
[[[70, 726], [146, 726], [146, 766], [70, 766]], 'จาก']
[[[790, 718], [1230, 718], [1230, 857], [790, 857]], 'นาย กฤษฎา สารวิทย์  xxx-xxx588-5']
[[[62, 912], [162, 912], [162, 966], [62, 966]], 'ไปยัง']
[[[773, 909], [1230, 909], [1230, 1053], [773, 1053]], 'นายติสรณํ สุพรรณดี  xxx-xxx-0277']
[[[65, 1197], [254, 1197], [254, 1256], [65, 1256]], ' จำนวนเงิน']
[[[1062, 1200], [1224, 1200], [1224, 1256], [1062, 1256]], '120.00']
[[[61, 1400], [770, 1400], [770, 1551], [61, 1551]], 'ผู้รับเงินสามารถสแกนคิวอาร์โคัดนี้เพื่อ ตรวจสอบสถานะการโอนเงิน']
