[[[438, 84], [804, 84], [804, 210], [438, 210]], 'oscb']
[[[501, 381], [789, 381], [789, 449], [501, 449]], 'โอนเงินสำเร็จ']
[[[449, 487], [839, 487], [839, 535], [449, 535]], '05 มิ.ย. 2566 14:26']
[[[266, 551], [1021, 551], [1021, 613], [266, 613]], ' รหัสอ้างอิง: 202306050xuc0lry7zaa424jq']
[[[67, 723], [147, 723], [147, 767], [67, 767]], ' จาก']
[[[789, 716], [1231, 716], [1231, 857], [789, 857]], 'นาย กฤษฎา สารวิทย์  xxx-xxx588-5']
[[[62, 912], [162, 912], [162, 966], [62, 966]], 'ไปยัง']
[[[771, 904], [1232, 904], [1232, 1053], [771, 1053]], 'นาย สัมฤทธิ์ รัตนทิพย์  xxx-xxx-6145']
[[[64, 1196], [254, 1196], [254, 1250], [64, 1250]], ' จำนวนเงิน']
[[[1090, 1198], [1224, 1198], [1224, 1252], [1090, 1252]], '40.00']
[[[61, 1398], [770, 1398], [770, 1549], [61, 1549]], 'ผู้รับเงินสามารกสแกนคิวอาร์โคัดนี้เพื่อ ตรวจสอบสถานะการโอนเงิน']
