[[[549, 103], [797, 103], [797, 223], [549, 223]], 'scb']
[[[449, 378], [839, 378], [839, 536], [449, 536]], 'โอนเงินสำเร็จ 23 มิ.ย. 2566 08:13']
[[[242, 554], [1046, 554], [1046, 612], [242, 612]], ' รหัสอ้างอิง: 202306233xhvgrnhu zxpznmr2']
[[[70, 726], [146, 726], [146, 766], [70, 766]], 'จาก']
[[[790, 718], [1230, 718], [1230, 857], [790, 857]], 'นาย กฤษฎา สารวิทย์  xxx-xxx588-5']
[[[62, 912], [162, 912], [162, 966], [62, 966]], 'ไปยัง']
[[[790, 913], [1230, 913], [1230, 1055], [790, 1055]], 'นาย กฤษฎา สารวิทย์ x-9099']
[[[65, 1197], [254, 1197], [254, 1256], [65, 1256]], ' จำนวนเงิน']
[[[1016, 1194], [1229, 1194], [1229, 1265], [1016, 1265]], '3,500.00']
[[[61, 1400], [770, 1400], [770, 1551], [61, 1551]], 'ผู้รับเงินสามารถสแกนคิวอาร์โคัดนี้เพื่อ ตรวจสอบสถานะการโอนเงิน']
