[[[549, 103], [797, 103], [797, 223], [549, 223]], 'scb']
[[[445, 378], [843, 378], [843, 535], [445, 535]], 'โอนเงินสำเร็จ 08 ก.ค. 2566 20:38']
[[[242, 554], [1046, 554], [1046, 611], [242, 611]], ' รหัสอ้างอิง: 202307086k39s0c6r]mg7287']
[[[70, 726], [146, 726], [146, 766], [70, 766]], 'จาก']
[[[790, 718], [1230, 718], [1230, 857], [790, 857]], 'นาย กฤษฎา สารวิทย์  xxx-xxx588-5']
[[[62, 912], [162, 912], [162, 966], [62, 966]], 'ไปยัง']
[[[807, 914], [1230, 914], [1230, 1053], [807, 1053]], ' สุทธิพรรณ บุตรวงค์  xxx-xxx-5675']
[[[65, 1197], [254, 1197], [254, 1256], [65, 1256]], ' จำนวนเงิน']
[[[1088, 1200], [1224, 1200], [1224, 1256], [1088, 1256]], '60.00']
[[[61, 1400], [770, 1400], [770, 1551], [61, 1551]], 'ผู้รับเงินสามารถสแกนคิวอาร์โคัดนี้เพื่อ ตรวจสอบสถานะการโอนเงิน']
