[[[549, 103], [797, 103], [797, 223], [549, 223]], 'scb']
[[[455, 378], [833, 378], [833, 535], [455, 535]], 'โอนเงินสำเร็จ 10 ก.ค. 2566 12:13']
[[[232, 554], [1058, 554], [1058, 610], [232, 610]], ' รหัสอ้างอิง: 202307107n4kaymtmydmpffwm']
[[[70, 726], [146, 726], [146, 766], [70, 766]], 'จาก']
[[[790, 718], [1230, 718], [1230, 857], [790, 857]], 'นาย กฤษฎา สารวิทย์  xxx-xxx588-5']
[[[62, 912], [162, 912], [162, 966], [62, 966]], 'ไปยัง']
[[[853, 914], [1228, 914], [1228, 1053], [853, 1053]], 'นางประณี อรกุล 3-3602-0014x-xx x']
[[[65, 1197], [254, 1197], [254, 1256], [65, 1256]], ' จำนวนเงิน']
[[[1089, 1199], [1224, 1199], [1224, 1257], [1089, 1257]], '40.00']
[[[61, 1400], [770, 1400], [770, 1551], [61, 1551]], 'ผู้รับเงินสามารถสแกนคิวอาร์โคัดนี้เพื่อ ตรวจสอบสถานะการโอนเงิน']
