[[[438, 84], [804, 84], [804, 210], [438, 210]], 'oscb']
[[[455, 375], [833, 375], [833, 536], [455, 536]], 'เติมเงินสำเร็จ 01 มิ.ย. 2566 13:13']
[[[258, 554], [1032, 554], [1032, 610], [258, 610]], ' รหัสอ้างอิง: 202306017r5an jiczsczpxkgv']
[[[67, 723], [147, 723], [147, 767], [67, 767]], ' จาก']
[[[789, 715], [1232, 715], [1232, 857], [789, 857]], 'นาย กฤษฎา สารวิทย์  xxx-xxx588-5']
[[[62, 912], [162, 912], [162, 966], [62, 966]], 'ไปยัง']
[[[857, 913], [1227, 913], [1227, 1055], [857, 1055]], 'เติมเงินพร้อมเพย์ 140000926425922']
[[[66, 1196], [254, 1196], [254, 1250], [66, 1250]], ' จำนวนเงิน']
[[[1088, 1198], [1224, 1198], [1224, 1252], [1088, 1252]], '60.00']
[[[62, 1326], [568, 1326], [568, 1466], [62, 1466]], 'ข้อมูลเพิ่มเติมจากผู้ไห้บริการ นมัย สรแสง (truemoney)']
[[[61, 1604], [770, 1604], [770, 1756], [61, 1756]], 'ผู้รับเงินสามารกสแกนคิวอาร์โคัดนี้เพื่อ ตรวจสอบสถานะการเติมเงิน']
