[[[553, 107], [793, 107], [793, 217], [553, 217]], 'scb']
[[[505, 383], [785, 383], [785, 447], [505, 447]], 'โอนเงินสำเร็จ']
[[[461, 489], [831, 489], [831, 533], [461, 533]], '14 ก.ย. 2566 12:31']
[[[252, 555], [1038, 555], [1038, 606], [252, 606]], ' รหัสอ้างอิง: 202309145t19txxzibwxhk3r']
[[[69, 725], [145, 725], [145, 765], [69, 765]], ' จาก']
[[[725, 715], [1225, 715], [1225, 781], [725, 781]], 'นาย จักรภัทรณ์ ชืนถาวร']
[[[963, 815], [1221, 815], [1221, 855], [963, 855]], 'xxx-xxx535-8']
[[[64, 914], [160, 914], [160, 964], [64, 964]], 'ไปยัง']
[[[725, 913], [1225, 913], [1225, 1051], [725, 1051]], 'นาย จักรภัทรณ์ ชืนถาวร x-2670']
[[[67, 1197], [251, 1197], [251, 1247], [67, 1247]], ' จำนวนเงิน']
[[[1119, 1199], [1221, 1199], [1221, 1249], [1119, 1249]], '1.00']
[[[66, 1331], [297, 1331], [297, 1502], [66, 1502]], 'บันทึกช่วยจำ เนื้อย่าง 1บาท ']
[[[65, 1608], [766, 1608], [766, 1754], [65, 1754]], 'ผู้รับเงินสามารถสแกนคิวอาร์โค้ดนี้เพื่อ ตรวจสอบสถานะการโอนเงิน']
(r"temp\krungsri\dilated_image.jpg",paragraph=True,detail=0,decoder='beamsearch',
                          blocklist ='๐๑๒๓๔๕๖๗๘๙¥¢¤£oo*!@#$%^&())_+|?><',min_size =30)
