[[[73, 83], [147, 83], [147, 101], [73, 101]], ' krungsri']
[[[247, 64], [514, 64], [514, 156], [247, 156]], 'โอนเงินสำเร็จ 02 ก.ค. 2566 19:21:39']
[[[66, 128], [160, 128], [160, 152], [66, 152]], 'tท:อue']
[[[476, 244], [694, 244], [694, 324], [476, 324]], 'pitchapa wlan xxx-4-68648 x']
[[[415, 403], [697, 403], [697, 488], [415, 488]], 'น.ส. ฺพิชชาภาเวียงทอง xxx-1-56233-x57']
[[[57, 531], [183, 531], [183, 569], [57, 569]], 'จำเวนเงิน']
[[[436, 542], [694, 542], [694, 636], [436, 636]], '2,503.25 thb 0.0d thb']
[[[57, 601], [217, 601], [217, 637], [57, 637]], 'ค่าธรรมเนียม']
[[[59, 687], [308, 687], [308, 772], [59, 772]], 'หมายเลขอ้างอิง 3aym2168399428']
[[[516, 880], [674, 880], [674, 906], [516, 906]], 'สเวแจรวงสีอิบ']
(r"temp\krungsri\dilated_image.jpg",paragraph=True,detail=0,decoder='beamsearch',
                          blocklist ='๐๑๒๓๔๕๖๗๘๙¥¢¤£oo*!@#$%^&())_+|?><',min_size =30)
