[[[553, 107], [793, 107], [793, 219], [553, 219]], 'scb']
[[[502, 381], [787, 381], [787, 450], [502, 450]], 'โอนเงินสำเร็จ']
[[[456, 486], [831, 486], [831, 535], [456, 535]], '16 ก.ค. 2566 19:31']
[[[252, 554], [1036, 554], [1036, 608], [252, 608]], ' รหัสอ้างอิง: 202307165d4lldyms0uz2j7x8']
[[[71, 727], [145, 727], [145, 765], [71, 765]], 'จาก']
[[[793, 721], [1227, 721], [1227, 855], [793, 855]], 'นาย กฤษฎา สารวิทย์ xxx-xxx588-5']
[[[64, 914], [160, 914], [160, 964], [64, 964]], 'ไปยัง']
[[[834, 912], [1226, 912], [1226, 1051], [834, 1051]], 'น.ส. ณัฐวดี ติณภูมิ xxx-xxx-1324']
[[[67, 1199], [252, 1199], [252, 1254], [67, 1254]], 'จำนวนเงิน']
[[[1090, 1202], [1222, 1202], [1222, 1254], [1090, 1254]], '20.00']
[[[65, 1404], [766, 1404], [766, 1549], [65, 1549]], 'ผู้รับเงินสามารถสแกนคิวอาร์โค้ดนี้เพื่อ ตรวจสอบสถานะการโอนเงิน']

(E-receipt-Dataset\scb\IMG_1613.JPGimage_path, paragraph=True, detail=1,
                                          blocklist='๐๑๒๓๔๕๖๗๘๙¥¢¤£oo*!@#$%^&())_+|?><', min_size=30
