[[[443, 89], [799, 89], [799, 205], [443, 205]], 'cscb']
[[[506, 382], [789, 382], [789, 450], [506, 450]], 'จ่ายบิลสำเร็จ']
[[[451, 489], [839, 489], [839, 534], [451, 534]], '04 มิ.ย. 2566 19:34']
[[[263, 555], [1024, 555], [1024, 610], [263, 610]], ' รหัสอ้างอิง: 202306048s0cplxifesyzkpbf']
[[[69, 727], [145, 727], [145, 765], [69, 765]], ' จาก']
[[[792, 720], [1228, 720], [1228, 855], [792, 855]], 'นาย กฤษฎา สารวิทย์ xxx-xxx588-5']
[[[64, 914], [160, 914], [160, 964], [64, 964]], 'ไปยัง']
[[[503, 923], [1225, 923], [1225, 1234], [503, 1234]], 'k- shap  lerbung] biller ld 010753600031508  รหัสร้านค้า kb000001782996  รหสธุรกรรม  kps004k8000001782996  เลขที่อ้างอิง 3 : 42017025']
[[[67, 1379], [253, 1379], [253, 1431], [67, 1431]], ' จำนวนเงิน']
[[[1089, 1381], [1221, 1381], [1221, 1431], [1089, 1431]], '25.00']
[[[65, 1584], [766, 1584], [766, 1730], [65, 1730]], 'ผู้รับเงินสามารถสแกนคิวอาร์โค้ดนี้เพื่อ ตรวจสอบสถานะการจ่ายเงิน']

(E-receipt-Dataset\scb\IMG_0778.JPGimage_path, paragraph=True, detail=1,
                                          blocklist='๐๑๒๓๔๕๖๗๘๙¥¢¤£oo*!@#$%^&())_+|?><', min_size=30
