[[[443, 89], [799, 89], [799, 205], [443, 205]], 'cscb']
[[[453, 380], [836, 380], [836, 534], [453, 534]], 'เติมเงินสำเร็จ 01 มิ.ย. 2566 08:15']
[[[257, 555], [1030, 555], [1030, 606], [257, 606]], ' รหัสอ้างอิง: 202306015n270mhp9uvb1itfa']
[[[69, 725], [145, 725], [145, 765], [69, 765]], ' จาก']
[[[792, 718], [1229, 718], [1229, 855], [792, 855]], 'นาย กฤษฎา สารวิทย์ xxx-xxx588-5']
[[[64, 914], [160, 914], [160, 964], [64, 964]], 'ไปยัง']
[[[871, 915], [1225, 915], [1225, 977], [871, 977]], 'เติมเงินพร้อมเพย์']
[[[863, 1009], [1221, 1009], [1221, 1051], [863, 1051]], '140000813544657']
[[[68, 1198], [252, 1198], [252, 1248], [68, 1248]], 'จำนวนเงิน']
[[[1092, 1200], [1222, 1200], [1222, 1250], [1092, 1250]], '40.00']
[[[64, 1329], [624, 1329], [624, 1464], [64, 1464]], 'ข้อมูลเพิ่มเติมจากผู้ไห้บริการ นาถวดี เหลืองเกษร  truemeney]']
[[[65, 1608], [766, 1608], [766, 1754], [65, 1754]], 'ผู้รับเงินสามารถสแกนคิวอาร์โค้ดนี้เพื่อ ตรวจสอบสถานะการเติมเงิน']

(E-receipt-Dataset\scb\IMG_0703.JPGimage_path, paragraph=True, detail=1,
                                          blocklist='๐๑๒๓๔๕๖๗๘๙¥¢¤£oo*!@#$%^&())_+|?><', min_size=30
