[[[553, 107], [793, 107], [793, 219], [553, 219]], 'scb']
[[[504, 381], [787, 381], [787, 450], [504, 450]], 'โอนเงินสำเร็จ']
[[[454, 486], [833, 486], [833, 535], [454, 535]], '03 ก.ค. 2566 13:41']
[[[240, 555], [1048, 555], [1048, 608], [240, 608]], ' รหัสอ้างอิง: 202307033p3xa0dhp5ugtgacv']
[[[71, 727], [145, 727], [145, 765], [71, 765]], 'จาก']
[[[793, 721], [1227, 721], [1227, 855], [793, 855]], 'นาย กฤษฎา สารวิทย์ xxx-xxx588-5']
[[[64, 914], [160, 914], [160, 964], [64, 964]], 'ไปยัง']
[[[685, 961], [731, 961], [731, 977], [685, 977]], 'ออบสิบ']
[[[760, 911], [1227, 911], [1227, 1051], [760, 1051]], 'นางไพเราะ สุนทรวัฒน์ x-3710']
[[[67, 1199], [252, 1199], [252, 1254], [67, 1254]], 'จำนวนเงิน']
[[[1089, 1201], [1222, 1201], [1222, 1255], [1089, 1255]], '35.00']
[[[65, 1404], [766, 1404], [766, 1549], [65, 1549]], 'ผู้รับเงินสามารถสแกนคิวอาร์โค้ดนี้เพื่อ ตรวจสอบสถานะการโอนเงิน']

(E-receipt-Dataset\scb\IMG_1326.JPGimage_path, paragraph=True, detail=1,
                                          blocklist='๐๑๒๓๔๕๖๗๘๙¥¢¤£oo*!@#$%^&())_+|?><', min_size=30
