[[[443, 89], [799, 89], [799, 205], [443, 205]], 'cscb']
[[[503, 383], [787, 383], [787, 447], [503, 447]], 'โอนเงินสำเร็จ']
[[[449, 489], [841, 489], [841, 534], [449, 534]], '05 มิ.ย. 2566 02:39']
[[[242, 555], [1044, 555], [1044, 612], [242, 612]], ' รหัสอ้างอิง: 202306050g3mw0b0zt6ulbez4']
[[[69, 725], [145, 725], [145, 765], [69, 765]], ' จาก']
[[[792, 719], [1228, 719], [1228, 855], [792, 855]], 'นาย กฤษฎา สารวิทย์ xxx-xxx976-6']
[[[64, 914], [160, 914], [160, 964], [64, 964]], 'ไปยัง']
[[[792, 915], [1228, 915], [1228, 1051], [792, 1051]], 'นาย กฤษฎา สารวิทย์ x-6737']
[[[66, 1198], [252, 1198], [252, 1248], [66, 1248]], ' จำนวนเงิน']
[[[1023, 1199], [1225, 1199], [1225, 1259], [1023, 1259]], '1,000.00']
[[[65, 1402], [766, 1402], [766, 1547], [65, 1547]], 'ผู้รับเงินสามารถสแกนคิวอาร์โค้ดนี้เพื่อ ตรวจสอบสถานะการโอนเงิน']
[[[1079, 1455], [1123, 1455], [1123, 1519], [1079, 1519]], 'i']

(E-receipt-Dataset\scb\IMG_0783.JPGimage_path, paragraph=True, detail=1,
                                          blocklist='๐๑๒๓๔๕๖๗๘๙¥¢¤£oo*!@#$%^&())_+|?><', min_size=30
