[[[553, 107], [793, 107], [793, 219], [553, 219]], 'scb']
[[[502, 381], [787, 381], [787, 450], [502, 450]], 'โอนเงินสำเร็จ']
[[[452, 486], [835, 486], [835, 534], [452, 534]], '18 ก.ค. 2566 20:01']
[[[260, 554], [1030, 554], [1030, 610], [260, 610]], ' รหัสอ้างอิง: 202307187mslld0nbd5kkpgge']
[[[71, 727], [145, 727], [145, 765], [71, 765]], 'จาก']
[[[793, 721], [1227, 721], [1227, 855], [793, 855]], 'นาย กฤษฎา สารวิทย์ xxx-xxx588-5']
[[[64, 914], [160, 914], [160, 964], [64, 964]], 'ไปยัง']
[[[834, 912], [1226, 912], [1226, 1051], [834, 1051]], 'น.ส. ณัฐวดี ติณภูมิ xxx-xxx-1324']
[[[67, 1199], [252, 1199], [252, 1254], [67, 1254]], 'จำนวนเงิน']
[[[1063, 1201], [1221, 1201], [1221, 1251], [1063, 1251]], '140.00']
[[[65, 1404], [766, 1404], [766, 1549], [65, 1549]], 'ผู้รับเงินสามารถสแกนคิวอาร์โค้ดนี้เพื่อ ตรวจสอบสถานะการโอนเงิน']

(E-receipt-Dataset\scb\IMG_1749.JPGimage_path, paragraph=True, detail=1,
                                          blocklist='๐๑๒๓๔๕๖๗๘๙¥¢¤£oo*!@#$%^&())_+|?><', min_size=30
