[[[74, 173], [589, 173], [589, 379], [74, 379]], 'transfer  ccmpleted']
[[[1137, 183], [1650, 183], [1650, 382], [1137, 382]], 'make by kbank']
[[[75, 519], [207, 519], [207, 571], [75, 571]], 'fram']
[[[269, 587], [936, 587], [936, 742], [269, 742]], ' pitchapa wiangtheng  xxx-x-x3960-x']
[[[76, 786], [142, 786], [142, 838], [76, 838]], 'tด']
[[[268, 834], [819, 834], [819, 1011], [268, 1011]], 'หนึ่งฤทัย สุนทา 140 xxxxxxxx-1699']
[[[76, 1188], [280, 1188], [280, 1244], [76, 1244]], 'amaunt']
[[[74, 1274], [466, 1274], [466, 1366], [74, 1366]], '15.00 baht']
[[[73, 1444], [370, 1444], [370, 1597], [73, 1597]], 'fee d.00 baht']
[[[77, 1769], [849, 1769], [849, 1861], [77, 1861]], 'date: 24 ]น1 2023 12:07 transacti0n [d: 22320512074690900593']

(E-receipt-Dataset\make by kbank\IMG_2949.JPGimage_path, paragraph=True, detail=1,
                                          blocklist='๐๑๒๓๔๕๖๗๘๙¥¢¤£oo*!@#$%^&())_+|?><', min_size=30
