[[[553, 107], [793, 107], [793, 219], [553, 219]], 'scb']
[[[504, 381], [787, 381], [787, 450], [504, 450]], 'โอนเงินสำเร็จ']
[[[454, 486], [834, 486], [834, 534], [454, 534]], '21 ก.ค. 2566 13:08']
[[[240, 555], [1050, 555], [1050, 604], [240, 604]], ' รหัสอ้างอิง: 202307210ad04lcrwramnpn9m']
[[[71, 727], [145, 727], [145, 765], [71, 765]], 'จาก']
[[[793, 721], [1227, 721], [1227, 855], [793, 855]], 'นาย กฤษฎา สารวิทย์ xxx-xxx588-5']
[[[64, 914], [160, 914], [160, 964], [64, 964]], 'ไปยัง']
[[[807, 917], [1225, 917], [1225, 1051], [807, 1051]], 'นาย สมัชญวีรกรรม xxx-xxx-2578']
[[[67, 1199], [252, 1199], [252, 1254], [67, 1254]], 'จำนวนเงิน']
[[[1063, 1201], [1221, 1201], [1221, 1253], [1063, 1253]], '129.00']
[[[65, 1404], [766, 1404], [766, 1549], [65, 1549]], 'ผู้รับเงินสามารถสแกนคิวอาร์โค้ดนี้เพื่อ ตรวจสอบสถานะการโอนเงิน']

(E-receipt-Dataset\scb\IMG_1823.JPGimage_path, paragraph=True, detail=1,
                                          blocklist='๐๑๒๓๔๕๖๗๘๙¥¢¤£oo*!@#$%^&())_+|?><', min_size=30
