[[[553, 107], [793, 107], [793, 219], [553, 219]], 'scb']
[[[503, 383], [787, 383], [787, 447], [503, 447]], 'โอนเงินสำเร็จ']
[[[448, 486], [841, 486], [841, 535], [448, 535]], '09 ก.ค. 2566 20:02']
[[[244, 554], [1042, 554], [1042, 610], [244, 610]], ' รหัสอ้างอิง: 2023070907kvjuc0kuz0zbrg0']
[[[71, 727], [145, 727], [145, 765], [71, 765]], 'จาก']
[[[793, 721], [1227, 721], [1227, 855], [793, 855]], 'นาย กฤษฎา สารวิทย์ xxx-xxx588-5']
[[[64, 914], [160, 914], [160, 964], [64, 964]], 'ไปยัง']
[[[776, 913], [1228, 913], [1228, 1051], [776, 1051]], 'น.ส.  สุกันญา ป้อมแก้ว 3-2506-0000x-xx-x']
[[[67, 1199], [252, 1199], [252, 1254], [67, 1254]], 'จำนวนเงิน']
[[[1089, 1201], [1221, 1201], [1221, 1253], [1089, 1253]], '39.00']
[[[65, 1404], [766, 1404], [766, 1549], [65, 1549]], 'ผู้รับเงินสามารถสแกนคิวอาร์โค้ดนี้เพื่อ ตรวจสอบสถานะการโอนเงิน']

(E-receipt-Dataset\scb\IMG_1438.JPGimage_path, paragraph=True, detail=1,
                                          blocklist='๐๑๒๓๔๕๖๗๘๙¥¢¤£oo*!@#$%^&())_+|?><', min_size=30
