[[[443, 89], [799, 89], [799, 205], [443, 205]], 'cscb']
[[[503, 383], [787, 383], [787, 447], [503, 447]], 'โอนเงินสำเร็จ']
[[[449, 489], [839, 489], [839, 534], [449, 534]], '02 มิ.ย. 2566 22:39']
[[[257, 554], [1030, 554], [1030, 608], [257, 608]], ' รหัสอ้างอิง: 2023060294pt5zbi3rnzqujv']
[[[69, 725], [145, 725], [145, 765], [69, 765]], ' จาก']
[[[792, 719], [1228, 719], [1228, 855], [792, 855]], 'นาย กฤษฎา สารวิทย์ xxx-xxx588-5']
[[[64, 914], [160, 914], [160, 964], [64, 964]], 'ไปยัง']
[[[776, 914], [1226, 914], [1226, 1051], [776, 1051]], 'นาย ดุษฎีส่งเกษรชาติ xxx-xxx-7661']
[[[66, 1198], [252, 1198], [252, 1248], [66, 1248]], ' จำนวนเงิน']
[[[1062, 1200], [1222, 1200], [1222, 1250], [1062, 1250]], '269.00']
[[[65, 1402], [766, 1402], [766, 1547], [65, 1547]], 'ผู้รับเงินสามารถสแกนคิวอาร์โค้ดนี้เพื่อ ตรวจสอบสถานะการโอนเงิน']

(E-receipt-Dataset\scb\IMG_0761.JPGimage_path, paragraph=True, detail=1,
                                          blocklist='๐๑๒๓๔๕๖๗๘๙¥¢¤£oo*!@#$%^&())_+|?><', min_size=30
