[[[553, 107], [793, 107], [793, 219], [553, 219]], 'scb']
[[[504, 381], [787, 381], [787, 450], [504, 450]], 'โอนเงินสำเร็จ']
[[[451, 489], [839, 489], [839, 533], [451, 533]], '04 ก.ค. 2566 20:10']
[[[248, 556], [1039, 556], [1039, 609], [248, 609]], ' รหัสอ้างอิง: 202307043bw6irjwyyjdxune1']
[[[71, 727], [145, 727], [145, 765], [71, 765]], 'จาก']
[[[793, 721], [1227, 721], [1227, 855], [793, 855]], 'นาย กฤษฎา สารวิทย์ xxx-xxx588-5']
[[[64, 914], [160, 914], [160, 964], [64, 964]], 'ไปยัง']
[[[628, 908], [1229, 908], [1229, 1051], [628, 1051]], 'tb นาย บุญเรือง ซ้ายลิ่มสร้าง x-6442']
[[[67, 1199], [252, 1199], [252, 1254], [67, 1254]], 'จำนวนเงิน']
[[[1091, 1201], [1222, 1201], [1222, 1255], [1091, 1255]], '15.00']
[[[65, 1404], [766, 1404], [766, 1549], [65, 1549]], 'ผู้รับเงินสามารถสแกนคิวอาร์โค้ดนี้เพื่อ ตรวจสอบสถานะการโอนเงิน']

(E-receipt-Dataset\scb\IMG_1344.JPGimage_path, paragraph=True, detail=1,
                                          blocklist='๐๑๒๓๔๕๖๗๘๙¥¢¤£oo*!@#$%^&())_+|?><', min_size=30
