[[[443, 89], [799, 89], [799, 205], [443, 205]], 'cscb']
[[[503, 383], [787, 383], [787, 447], [503, 447]], 'โอนเงินสำเร็จ']
[[[452, 486], [837, 486], [837, 535], [452, 535]], '05 มิ.ย. 2566 02:19']
[[[243, 554], [1042, 554], [1042, 610], [243, 610]], ' รหัสอ้างอิง: 2023060515gvfs63zg8hagv4s']
[[[69, 725], [145, 725], [145, 765], [69, 765]], ' จาก']
[[[792, 719], [1228, 719], [1228, 855], [792, 855]], 'นาย กฤษฎา สารวิทย์  xxx-xxx976-6']
[[[64, 914], [160, 914], [160, 964], [64, 964]], 'ไปยัง']
[[[714, 902], [1230, 902], [1230, 1051], [714, 1051]], 'นาย  ทวีศักดิ์ ภูเกียรติก้อง xxx-xxx340-1']
[[[66, 1198], [252, 1198], [252, 1248], [66, 1248]], ' จำนวนเงิน']
[[[1022, 1200], [1224, 1200], [1224, 1256], [1022, 1256]], '6,834.00']
[[[65, 1402], [766, 1402], [766, 1547], [65, 1547]], 'ผู้รับเงินสามารถสแกนคิวอาร์โค้ดนี้เพื่อ ตรวจสอบสถานะการโอนเงิน']

(E-receipt-Dataset\scb\IMG_0780.JPGimage_path, paragraph=True, detail=1,
                                          blocklist='๐๑๒๓๔๕๖๗๘๙¥¢¤£oo*!@#$%^&())_+|?><', min_size=30
