[[[553, 107], [793, 107], [793, 219], [553, 219]], 'scb']
[[[504, 381], [787, 381], [787, 450], [504, 450]], 'โอนเงินสำเร็จ']
[[[452, 486], [834, 486], [834, 534], [452, 534]], '16 ก.ค. 2566 14:20']
[[[250, 556], [1040, 556], [1040, 610], [250, 610]], ' รหัสอ้างอิง: 202307164pm4j5exn0askgzhg']
[[[71, 727], [145, 727], [145, 765], [71, 765]], 'จาก']
[[[793, 721], [1227, 721], [1227, 855], [793, 855]], 'นาย กฤษฎา สารวิทย์ xxx-xxx588-5']
[[[64, 914], [160, 914], [160, 964], [64, 964]], 'ไปยัง']
[[[779, 917], [1225, 917], [1225, 1051], [779, 1051]], 'นาย ดุษฎีส่งเกษรชาติ xxx xxx-7661']
[[[67, 1199], [252, 1199], [252, 1254], [67, 1254]], 'จำนวนเงิน']
[[[1089, 1201], [1222, 1201], [1222, 1255], [1089, 1255]], '77.00']
[[[65, 1404], [766, 1404], [766, 1549], [65, 1549]], 'ผู้รับเงินสามารถสแกนคิวอาร์โค้ดนี้เพื่อ ตรวจสอบสถานะการโอนเงิน']

(E-receipt-Dataset\scb\IMG_1561.JPGimage_path, paragraph=True, detail=1,
                                          blocklist='๐๑๒๓๔๕๖๗๘๙¥¢¤£oo*!@#$%^&())_+|?><', min_size=30
