[[[553, 107], [793, 107], [793, 219], [553, 219]], 'scb']
[[[504, 381], [787, 381], [787, 450], [504, 450]], 'โอนเงินสำเร็จ']
[[[459, 489], [831, 489], [831, 533], [459, 533]], '17 ก.ค. 2566 21:18']
[[[256, 556], [1030, 556], [1030, 604], [256, 604]], ' รหัสอ้างอิง: 202307172vkvk4igtvh36ar0']
[[[71, 727], [145, 727], [145, 765], [71, 765]], 'จาก']
[[[793, 721], [1227, 721], [1227, 855], [793, 855]], 'นาย กฤษฎา สารวิทย์ xxx-xxx588-5']
[[[64, 914], [160, 914], [160, 964], [64, 964]], 'ไปยัง']
[[[712, 917], [1225, 917], [1225, 1051], [712, 1051]], 'นายกฤตพณพร้อมจะบก xxx xxx-5047']
[[[67, 1199], [252, 1199], [252, 1254], [67, 1254]], 'จำนวนเงิน']
[[[1089, 1201], [1221, 1201], [1221, 1251], [1089, 1251]], '84.00']
[[[65, 1404], [766, 1404], [766, 1549], [65, 1549]], 'ผู้รับเงินสามารถสแกนคิวอาร์โค้ดนี้เพื่อ ตรวจสอบสถานะการโอนเงิน']

(E-receipt-Dataset\scb\IMG_1674.JPGimage_path, paragraph=True, detail=1,
                                          blocklist='๐๑๒๓๔๕๖๗๘๙¥¢¤£oo*!@#$%^&())_+|?><', min_size=30
