[[[553, 107], [793, 107], [793, 219], [553, 219]], 'scb']
[[[502, 381], [787, 381], [787, 450], [502, 450]], 'โอนเงินสำเร็จ']
[[[454, 486], [833, 486], [833, 535], [454, 535]], '28 มิ.ย. 2566 21:01']
[[[252, 554], [1036, 554], [1036, 611], [252, 611]], ' รหัสอ้างอิง: 202306285ndcyphcezh6ilgkt']
[[[71, 727], [145, 727], [145, 765], [71, 765]], 'จาก']
[[[793, 721], [1227, 721], [1227, 855], [793, 855]], 'นาย กฤษฎา สารวิทย์ xxx-xxx588-5']
[[[64, 914], [160, 914], [160, 964], [64, 964]], 'ไปยัง']
[[[650, 913], [1226, 913], [1226, 1051], [650, 1051]], 'นางสาว ณัฐธิดา วิเศษจิรโชค 1-5603-0008x-xx-x']
[[[67, 1199], [252, 1199], [252, 1254], [67, 1254]], 'จำนวนเงิน']
[[[1091, 1201], [1222, 1201], [1222, 1255], [1091, 1255]], '70.00']
[[[65, 1404], [766, 1404], [766, 1549], [65, 1549]], 'ผู้รับเงินสามารถสแกนคิวอาร์โค้ดนี้เพื่อ ตรวจสอบสถานะการโอนเงิน']

(E-receipt-Dataset\scb\IMG_1063.JPGimage_path, paragraph=True, detail=1,
                                          blocklist='๐๑๒๓๔๕๖๗๘๙¥¢¤£oo*!@#$%^&())_+|?><', min_size=30
