[[[553, 107], [793, 107], [793, 219], [553, 219]], 'scb']
[[[502, 381], [787, 381], [787, 450], [502, 450]], 'โอนเงินสำเร็จ']
[[[453, 489], [836, 489], [836, 534], [453, 534]], '22 มิ.ย. 2566 20:01']
[[[242, 554], [1046, 554], [1046, 604], [242, 604]], ' รหัสอ้างอิง: 202306223mtrcn40tsa5mg7hn']
[[[71, 727], [145, 727], [145, 765], [71, 765]], 'จาก']
[[[793, 721], [1227, 721], [1227, 855], [793, 855]], 'นาย กฤษฎา สารวิทย์ xxx-xxx588-5']
[[[64, 914], [160, 914], [160, 964], [64, 964]], 'ไปยัง']
[[[613, 918], [1227, 918], [1227, 1051], [613, 1051]], 'นางสาว ศิริวรรณเบ็ญจวรรณ์ xxx-xxx-0502']
[[[67, 1199], [252, 1199], [252, 1254], [67, 1254]], 'จำนวนเงิน']
[[[1063, 1200], [1222, 1200], [1222, 1255], [1063, 1255]], '100.00']
[[[65, 1404], [766, 1404], [766, 1549], [65, 1549]], 'ผู้รับเงินสามารถสแกนคิวอาร์โค้ดนี้เพื่อ ตรวจสอบสถานะการโอนเงิน']

(E-receipt-Dataset\scb\IMG_1002.JPGimage_path, paragraph=True, detail=1,
                                          blocklist='๐๑๒๓๔๕๖๗๘๙¥¢¤£oo*!@#$%^&())_+|?><', min_size=30
