[[[443, 89], [799, 89], [799, 205], [443, 205]], 'cscb']
[[[453, 380], [836, 380], [836, 534], [453, 534]], 'เติมเงินสำเร็จ 01 มิ.ย. 2566 08:14']
[[[248, 555], [1040, 555], [1040, 610], [248, 610]], ' รหัสอ้างอิง: 202306014zdum0y0bawklbeiy']
[[[69, 725], [145, 725], [145, 765], [69, 765]], ' จาก']
[[[792, 718], [1229, 718], [1229, 855], [792, 855]], 'นาย กฤษฎา สารวิทย์ xxx-xxx588-5']
[[[64, 914], [160, 914], [160, 964], [64, 964]], 'ไปยัง']
[[[856, 915], [1225, 915], [1225, 1054], [856, 1054]], 'เติมเงินพร้อมเพย์ 140000970699844']
[[[68, 1198], [252, 1198], [252, 1248], [68, 1248]], 'จำนวนเงิน']
[[[1089, 1199], [1221, 1199], [1221, 1249], [1089, 1249]], '20.00']
[[[65, 1329], [645, 1329], [645, 1465], [65, 1465]], 'ข้อมูลเพิ่มเติมจากผู้ไห้บริการ ปฐมพร นาคเจริญพร  truemeney]']
[[[65, 1608], [766, 1608], [766, 1754], [65, 1754]], 'ผู้รับเงินสามารถสแกนคิวอาร์โค้ดนี้เพื่อ ตรวจสอบสถานะการเติมเงิน']

(E-receipt-Dataset\scb\IMG_0702.JPGimage_path, paragraph=True, detail=1,
                                          blocklist='๐๑๒๓๔๕๖๗๘๙¥¢¤£oo*!@#$%^&())_+|?><', min_size=30
