[[[553, 107], [793, 107], [793, 219], [553, 219]], 'scb']
[[[504, 381], [787, 381], [787, 450], [504, 450]], 'โอนเงินสำเร็จ']
[[[452, 486], [835, 486], [835, 535], [452, 535]], '05 ก.ค. 2566 21:07']
[[[244, 556], [1044, 556], [1044, 607], [244, 607]], ' รหัสอ้างอิง: 202307057vueuge7 9d094fqd']
[[[71, 727], [145, 727], [145, 765], [71, 765]], 'จาก']
[[[793, 721], [1227, 721], [1227, 855], [793, 855]], 'นาย กฤษฎา สารวิทย์ xxx-xxx588-5']
[[[64, 914], [160, 914], [160, 964], [64, 964]], 'ไปยัง']
[[[613, 918], [1227, 918], [1227, 1051], [613, 1051]], 'นางสาว ศิริวรรณเบ็ญจวรรณ์ xxx-xxx-0502']
[[[67, 1199], [252, 1199], [252, 1254], [67, 1254]], 'จำนวนเงิน']
[[[1064, 1202], [1222, 1202], [1222, 1254], [1064, 1254]], '125.00']
[[[65, 1404], [766, 1404], [766, 1549], [65, 1549]], 'ผู้รับเงินสามารถสแกนคิวอาร์โค้ดนี้เพื่อ ตรวจสอบสถานะการโอนเงิน']

(E-receipt-Dataset\scb\IMG_1360.JPGimage_path, paragraph=True, detail=1,
                                          blocklist='๐๑๒๓๔๕๖๗๘๙¥¢¤£oo*!@#$%^&())_+|?><', min_size=30
