[[[443, 89], [799, 89], [799, 205], [443, 205]], 'cscb']
[[[503, 383], [791, 383], [791, 449], [503, 449]], 'จ่ายเงินสำเร็จ']
[[[453, 489], [837, 489], [837, 534], [453, 534]], '02 มิ.ย. 2566 18:22']
[[[246, 555], [1042, 555], [1042, 606], [246, 606]], ' รหัสอ้างอิง: 202306026cb6/2sz6j7hg6pv']
[[[69, 727], [145, 727], [145, 765], [69, 765]], ' จาก']
[[[792, 720], [1228, 720], [1228, 855], [792, 855]], 'นาย กฤษฎา สารวิทย์ xxx-xxx588-5']
[[[64, 914], [160, 914], [160, 964], [64, 964]], 'ไปยัง']
[[[532, 924], [1214, 924], [1214, 980], [532, 980]], 'vitalitx tha/ pc0 cd. ltd']
[[[496, 1009], [1223, 1009], [1223, 1236], [496, 1236]], 'biller ld 011556203002051 เลขอ้างอิงที่ 1 : 65700365219982227274 เลขอ้างอิงที่ 2 : t  เลขที่อ้างอิง 3 an665700365']
[[[67, 1379], [253, 1379], [253, 1431], [67, 1431]], ' จำนวนเงิน']
[[[1090, 1382], [1222, 1382], [1222, 1432], [1090, 1432]], '95.00']
[[[65, 1584], [766, 1584], [766, 1730], [65, 1730]], 'ผู้รับเงินสามารถสแกนคิวอาร์โค้ดนี้เพื่อ ตรวจสอบสถานะการจ่ายเงิน']

(E-receipt-Dataset\scb\IMG_0755.JPGimage_path, paragraph=True, detail=1,
                                          blocklist='๐๑๒๓๔๕๖๗๘๙¥¢¤£oo*!@#$%^&())_+|?><', min_size=30
