[[[553, 107], [793, 107], [793, 219], [553, 219]], 'scb']
[[[502, 381], [787, 381], [787, 450], [502, 450]], 'โอนเงินสำเร็จ']
[[[448, 486], [841, 486], [841, 534], [448, 534]], '03 ก.ค. 2566 20:24']
[[[252, 554], [1036, 554], [1036, 610], [252, 610]], ' รหัสอ้างอิง: 202307037anbrudd jn6ruejag']
[[[71, 727], [145, 727], [145, 765], [71, 765]], 'จาก']
[[[793, 721], [1227, 721], [1227, 855], [793, 855]], 'นาย กฤษฎา สารวิทย์ xxx-xxx588-5']
[[[64, 914], [160, 914], [160, 964], [64, 964]], 'ไปยัง']
[[[613, 918], [1227, 918], [1227, 1051], [613, 1051]], 'นางสาว ศิริวรรณเบ็ญจวรรณ์ xxx-xxx-0502']
[[[67, 1199], [252, 1199], [252, 1254], [67, 1254]], 'จำนวนเงิน']
[[[1064, 1202], [1224, 1202], [1224, 1252], [1064, 1252]], '110.00']
[[[65, 1404], [766, 1404], [766, 1549], [65, 1549]], 'ผู้รับเงินสามารถสแกนคิวอาร์โค้ดนี้เพื่อ ตรวจสอบสถานะการโอนเงิน']

(E-receipt-Dataset\scb\IMG_1330.JPGimage_path, paragraph=True, detail=1,
                                          blocklist='๐๑๒๓๔๕๖๗๘๙¥¢¤£oo*!@#$%^&())_+|?><', min_size=30
