[[[443, 89], [799, 89], [799, 205], [443, 205]], 'cscb']
[[[503, 383], [787, 383], [787, 447], [503, 447]], 'โอนเงินสำเร็จ']
[[[451, 489], [839, 489], [839, 533], [451, 533]], '04 มิ.ย. 2566 18:49']
[[[261, 554], [1026, 554], [1026, 607], [261, 607]], ' รหัสอ้างอิง: 202306049wlatzartrgffike7']
[[[69, 725], [145, 725], [145, 765], [69, 765]], ' จาก']
[[[792, 719], [1228, 719], [1228, 855], [792, 855]], 'นาย กฤษฎา สารวิทย์ xxx-xxx588-5']
[[[64, 914], [160, 914], [160, 964], [64, 964]], 'ไปยัง']
[[[853, 917], [1223, 917], [1223, 977], [853, 977]], 'น.ส.ฺมานี หารมาก']
[[[961, 1011], [1221, 1011], [1221, 1051], [961, 1051]], 'xxx-xxx-6490']
[[[66, 1198], [252, 1198], [252, 1248], [66, 1248]], ' จำนวนเงิน']
[[[1091, 1199], [1221, 1199], [1221, 1249], [1091, 1249]], '50.00']
[[[65, 1402], [766, 1402], [766, 1547], [65, 1547]], 'ผู้รับเงินสามารถสแกนคิวอาร์โค้ดนี้เพื่อ ตรวจสอบสถานะการโอนเงิน']

(E-receipt-Dataset\scb\IMG_0777.JPGimage_path, paragraph=True, detail=1,
                                          blocklist='๐๑๒๓๔๕๖๗๘๙¥¢¤£oo*!@#$%^&())_+|?><', min_size=30
