[[[553, 107], [793, 107], [793, 219], [553, 219]], 'scb']
[[[504, 381], [787, 381], [787, 450], [504, 450]], 'โอนเงินสำเร็จ']
[[[453, 489], [835, 489], [835, 533], [453, 533]], '01 ก.ค. 2566 21:05']
[[[256, 556], [1034, 556], [1034, 610], [256, 610]], ' รหัสอ้างอิง: 202307016rsvf0kpcpju1gvze']
[[[71, 727], [145, 727], [145, 765], [71, 765]], 'จาก']
[[[793, 721], [1227, 721], [1227, 855], [793, 855]], 'นาย กฤษฎา สารวิทย์ xxx-xxx588-5']
[[[64, 914], [160, 914], [160, 964], [64, 964]], 'ไปยัง']
[[[658, 908], [1228, 908], [1228, 1051], [658, 1051]], 'นาย ธนาศักดิ์ อภินพหิรัณย์ 3-7004-0022x-xx-x']
[[[67, 1199], [252, 1199], [252, 1254], [67, 1254]], 'จำนวนเงิน']
[[[1091, 1201], [1222, 1201], [1222, 1255], [1091, 1255]], '40.00']
[[[65, 1404], [766, 1404], [766, 1549], [65, 1549]], 'ผู้รับเงินสามารถสแกนคิวอาร์โค้ดนี้เพื่อ ตรวจสอบสถานะการโอนเงิน']

(E-receipt-Dataset\scb\IMG_1284.JPGimage_path, paragraph=True, detail=1,
                                          blocklist='๐๑๒๓๔๕๖๗๘๙¥¢¤£oo*!@#$%^&())_+|?><', min_size=30
