[[[443, 89], [799, 89], [799, 205], [443, 205]], 'cscb']
[[[503, 383], [787, 383], [787, 447], [503, 447]], 'โอนเงินสำเร็จ']
[[[457, 486], [832, 486], [832, 534], [457, 534]], '01 มิ.ย. 2566 08:11']
[[[238, 555], [1048, 555], [1048, 608], [238, 608]], ' รหัสอ้างอิง: 20230601243qzddbcfh2xxund']
[[[69, 725], [145, 725], [145, 765], [69, 765]], ' จาก']
[[[792, 719], [1228, 719], [1228, 855], [792, 855]], 'นาย กฤษฎา สารวิทย์ xxx-xxx588-5']
[[[64, 914], [160, 914], [160, 964], [64, 964]], 'ไปยัง']
[[[728, 910], [1226, 910], [1226, 1051], [728, 1051]], 'นาย อภิสิทธิ เนียมสูงเนิน xxx-xxx-9297']
[[[66, 1198], [252, 1198], [252, 1248], [66, 1248]], ' จำนวนเงิน']
[[[1089, 1199], [1221, 1199], [1221, 1249], [1089, 1249]], '35.00']
[[[65, 1402], [766, 1402], [766, 1547], [65, 1547]], 'ผู้รับเงินสามารถสแกนคิวอาร์โค้ดนี้เพื่อ ตรวจสอบสถานะการโอนเงิน']

(E-receipt-Dataset\scb\IMG_0701.JPGimage_path, paragraph=True, detail=1,
                                          blocklist='๐๑๒๓๔๕๖๗๘๙¥¢¤£oo*!@#$%^&())_+|?><', min_size=30
