[[[553, 107], [793, 107], [793, 219], [553, 219]], 'scb']
[[[502, 381], [787, 381], [787, 450], [502, 450]], 'โอนเงินสำเร็จ']
[[[451, 489], [839, 489], [839, 533], [451, 533]], '02 ก.ค. 2566 19:58']
[[[250, 558], [1044, 558], [1044, 610], [250, 610]], 'รหัสอ้างอิง: 2023070277e8bag0s78dmavfr']
[[[71, 727], [145, 727], [145, 765], [71, 765]], 'จาก']
[[[793, 721], [1227, 721], [1227, 855], [793, 855]], 'นาย กฤษฎา สารวิทย์ xxx-xxx588-5']
[[[64, 914], [160, 914], [160, 964], [64, 964]], 'ไปยัง']
[[[741, 917], [1227, 917], [1227, 977], [741, 977]], 'นางสาว ฺจิราพัชร แซ่ว่าง']
[[[861, 1011], [1223, 1011], [1223, 1051], [861, 1051]], '1-6597-0001x-xx-x']
[[[67, 1199], [252, 1199], [252, 1254], [67, 1254]], 'จำนวนเงิน']
[[[1092, 1202], [1222, 1202], [1222, 1254], [1092, 1254]], '50.00']
[[[65, 1404], [766, 1404], [766, 1549], [65, 1549]], 'ผู้รับเงินสามารถสแกนคิวอาร์โค้ดนี้เพื่อ ตรวจสอบสถานะการโอนเงิน']

(E-receipt-Dataset\scb\IMG_1290.JPGimage_path, paragraph=True, detail=1,
                                          blocklist='๐๑๒๓๔๕๖๗๘๙¥¢¤£oo*!@#$%^&())_+|?><', min_size=30
