[[[443, 89], [799, 89], [799, 205], [443, 205]], 'cscb']
[[[452, 380], [837, 380], [837, 535], [452, 535]], 'โอนเงินสำเร็จ 05 มิ.ย. 2566 02:19']
[[[265, 554], [1019, 554], [1019, 606], [265, 606]], ' รหัสอ้างอิง: 202306057vylid9snbia3i6sx']
[[[69, 725], [145, 725], [145, 765], [69, 765]], ' จาก']
[[[792, 719], [1228, 719], [1228, 855], [792, 855]], 'นาย กฤษฎา สารวิทย์ xxx-xxx588-5']
[[[64, 914], [160, 914], [160, 964], [64, 964]], 'ไปยัง']
[[[792, 916], [1228, 916], [1228, 1051], [792, 1051]], 'นาย กฤษฎา สารวิทย์  xxx-xxx976-6']
[[[66, 1198], [252, 1198], [252, 1248], [66, 1248]], ' จำนวนเงิน']
[[[1062, 1200], [1222, 1200], [1222, 1250], [1062, 1250]], '834.00']
[[[65, 1402], [766, 1402], [766, 1547], [65, 1547]], 'ผู้รับเงินสามารถสแกนคิวอาร์โค้ดนี้เพื่อ ตรวจสอบสถานะการโอนเงิน']

(E-receipt-Dataset\scb\IMG_0779.JPGimage_path, paragraph=True, detail=1,
                                          blocklist='๐๑๒๓๔๕๖๗๘๙¥¢¤£oo*!@#$%^&())_+|?><', min_size=30
