[[[553, 107], [793, 107], [793, 219], [553, 219]], 'scb']
[[[502, 381], [787, 381], [787, 450], [502, 450]], 'โอนเงินสำเร็จ']
[[[453, 489], [835, 489], [835, 533], [453, 533]], '10 ก.ค. 2566 12:29']
[[[266, 556], [1024, 556], [1024, 610], [266, 610]], ' รหัสอ้างอิง: 202307105h0dshptdt1ylzen4']
[[[71, 727], [145, 727], [145, 765], [71, 765]], 'จาก']
[[[793, 721], [1227, 721], [1227, 855], [793, 855]], 'นาย กฤษฎา สารวิทย์ xxx-xxx588-5']
[[[64, 914], [160, 914], [160, 964], [64, 964]], 'ไปยัง']
[[[685, 961], [731, 961], [731, 977], [685, 977]], 'ออบสิบ']
[[[760, 911], [1227, 911], [1227, 1051], [760, 1051]], 'นางไพเราะ สุนทรวัฒน์ x-3710']
[[[67, 1199], [252, 1199], [252, 1254], [67, 1254]], 'จำนวนเงิน']
[[[1089, 1201], [1222, 1201], [1222, 1255], [1089, 1255]], '35.00']
[[[65, 1404], [766, 1404], [766, 1549], [65, 1549]], 'ผู้รับเงินสามารถสแกนคิวอาร์โค้ดนี้เพื่อ ตรวจสอบสถานะการโอนเงิน']

(E-receipt-Dataset\scb\IMG_1449.JPGimage_path, paragraph=True, detail=1,
                                          blocklist='๐๑๒๓๔๕๖๗๘๙¥¢¤£oo*!@#$%^&())_+|?><', min_size=30
