[[[443, 89], [799, 89], [799, 205], [443, 205]], 'cscb']
[[[503, 383], [787, 383], [787, 447], [503, 447]], 'โอนเงินสำเร็จ']
[[[451, 489], [837, 489], [837, 534], [451, 534]], '01 มิ.ย. 2566 20:44']
[[[251, 553], [1036, 553], [1036, 610], [251, 610]], ' รหัสอ้างอิง: 202306018n8rr5xlh2bh0plvv']
[[[69, 725], [145, 725], [145, 765], [69, 765]], ' จาก']
[[[792, 718], [1229, 718], [1229, 855], [792, 855]], 'นาย กฤษฎา สารวิทย์ xxx-xxx588-5']
[[[64, 914], [160, 914], [160, 964], [64, 964]], 'ไปยัง']
[[[649, 917], [1225, 917], [1225, 1053], [649, 1053]], 'นางสาว ฺณัฐธิดา วิเศษจิรโชค 1-5603-0008x-xx-x']
[[[66, 1198], [252, 1198], [252, 1248], [66, 1248]], ' จำนวนเงิน']
[[[1092, 1200], [1222, 1200], [1222, 1250], [1092, 1250]], '70.00']
[[[65, 1402], [766, 1402], [766, 1547], [65, 1547]], 'ผู้รับเงินสามารถสแกนคิวอาร์โค้ดนี้เพื่อ ตรวจสอบสถานะการโอนเงิน']

(E-receipt-Dataset\scb\IMG_0743.JPGimage_path, paragraph=True, detail=1,
                                          blocklist='๐๑๒๓๔๕๖๗๘๙¥¢¤£oo*!@#$%^&())_+|?><', min_size=30
