[[[443, 89], [799, 89], [799, 205], [443, 205]], 'cscb']
[[[503, 383], [787, 383], [787, 447], [503, 447]], 'โอนเงินสำเร็จ']
[[[451, 486], [838, 486], [838, 534], [451, 534]], '02 มิ.ย. 2566 08:13']
[[[249, 552], [1038, 552], [1038, 609], [249, 609]], ' รหัสอ้างอิง: 202306023wgneyrnlsmz2i29v']
[[[69, 725], [145, 725], [145, 765], [69, 765]], ' จาก']
[[[792, 719], [1228, 719], [1228, 855], [792, 855]], 'นาย กฤษฎา สารวิทย์ xxx-xxx588-5']
[[[64, 914], [160, 914], [160, 964], [64, 964]], 'ไปยัง']
[[[728, 910], [1226, 910], [1226, 1051], [728, 1051]], 'นาย อภิสิทธิ เนียมสูงเนิน xxx-xxx-9297']
[[[66, 1198], [252, 1198], [252, 1248], [66, 1248]], ' จำนวนเงิน']
[[[1089, 1199], [1221, 1199], [1221, 1249], [1089, 1249]], '35.00']
[[[65, 1402], [766, 1402], [766, 1547], [65, 1547]], 'ผู้รับเงินสามารถสแกนคิวอาร์โค้ดนี้เพื่อ ตรวจสอบสถานะการโอนเงิน']

(E-receipt-Dataset\scb\IMG_0744.JPGimage_path, paragraph=True, detail=1,
                                          blocklist='๐๑๒๓๔๕๖๗๘๙¥¢¤£oo*!@#$%^&())_+|?><', min_size=30
