[[[443, 89], [799, 89], [799, 205], [443, 205]], 'cscb']
[[[503, 383], [787, 383], [787, 447], [503, 447]], 'โอนเงินสำเร็จ']
[[[452, 486], [836, 486], [836, 535], [452, 535]], '05 มิ.ย. 2566 21:30']
[[[265, 553], [1024, 553], [1024, 610], [265, 610]], ' รหัสอ้างอิง: 20230605968p83bigaufutzk/']
[[[69, 725], [145, 725], [145, 765], [69, 765]], ' จาก']
[[[792, 719], [1228, 719], [1228, 855], [792, 855]], 'นาย กฤษฎา สารวิทย์ xxx-xxx588-5']
[[[64, 914], [160, 914], [160, 964], [64, 964]], 'ไปยัง']
[[[870, 920], [1222, 920], [1222, 976], [870, 976]], 'นาย วัชริศเชยชม']
[[[963, 1011], [1223, 1011], [1223, 1051], [963, 1051]], 'xxx-xxx-3528']
[[[66, 1198], [252, 1198], [252, 1248], [66, 1248]], ' จำนวนเงิน']
[[[1062, 1200], [1222, 1200], [1222, 1250], [1062, 1250]], '315.00']
[[[65, 1402], [766, 1402], [766, 1547], [65, 1547]], 'ผู้รับเงินสามารถสแกนคิวอาร์โค้ดนี้เพื่อ ตรวจสอบสถานะการโอนเงิน']

(E-receipt-Dataset\scb\IMG_0793.JPGimage_path, paragraph=True, detail=1,
                                          blocklist='๐๑๒๓๔๕๖๗๘๙¥¢¤£oo*!@#$%^&())_+|?><', min_size=30
