[[[68, 77], [156, 77], [156, 150], [68, 150]], ' ksungsri mambe gaanaaวบา']
[[[245, 64], [512, 64], [512, 156], [245, 156]], 'โอนเงินสำเร็จ 02 ก.ค. 2566 19:21:39']
[[[476, 244], [694, 244], [694, 321], [476, 321]], 'pitchapa wlan xxx-4-68648 x']
[[[415, 403], [695, 403], [695, 486], [415, 486]], 'น.ส. ฺพิชชาภาเวียงทอง xxx-1-56233-x57']
[[[56, 530], [181, 530], [181, 571], [56, 571]], 'จำนวนเงิน']
[[[436, 542], [694, 542], [694, 636], [436, 636]], '2,503.25 thb d.00 thb']
[[[57, 601], [215, 601], [215, 637], [57, 637]], 'ค่าธรรมเนียม']
[[[57, 687], [308, 687], [308, 770], [57, 770]], 'หมายเลขอ้างอิง baym2168399428']
[[[516, 880], [674, 880], [674, 906], [516, 906]], ' สแกนตรวจสอบ']

(E-receipt-Dataset\Krungsri\IMG_2763.JPGimage_path, paragraph=True, detail=1,
                                          blocklist='๐๑๒๓๔๕๖๗๘๙¥¢¤£oo*!@#$%^&())_+|?><', min_size=30
