[[[53, 16], [451, 16], [451, 145], [53, 145]], 'จ่ายบิลสำเร็จ 28 ก.ค. 66 14:58 น.']
[[[976, 68], [1030, 68], [1030, 124], [976, 124]], 't']
[[[270, 218], [598, 218], [598, 340], [270, 340]], 'นาย จักรภัทรณ์ ช ธ.กสิกรไทย']
[[[273, 367], [557, 367], [557, 409], [273, 409]], 'xxx-x-x4267-x']
[[[268, 546], [699, 546], [699, 748], [268, 748]], 'เอ็มเอ็กซ์ แจแปนนิส ฺฟู้ด megabangna pr']
[[[63, 836], [638, 836], [638, 1030], [63, 1030]], 'เลขที่รายการ: 013209145826cpm04076  จำนวน:']
[[[403, 1055], [639, 1055], [639, 1097], [403, 1097]], '810.00 บาท']
[[[67, 1123], [313, 1123], [313, 1171], [67, 1171]], ' ค่าธรรมเนียม:']
[[[455, 1195], [639, 1195], [639, 1237], [455, 1237]], 'd.00 บาท']
[[[723, 1203], [1017, 1203], [1017, 1241], [723, 1241]], 'สแกนตรวจสอบสลิป']
[[[66, 1288], [396, 1288], [396, 1336], [66, 1336]], 'บันทึกช่วยจำ: เนื้อย่าง']

(E-receipt-Dataset\kbank\S__6275225.jpgimage_path, paragraph=True, detail=1,
                                          blocklist='๐๑๒๓๔๕๖๗๘๙¥¢¤£oo*!@#$%^&())_+|?><', min_size=30
