[[[443, 89], [799, 89], [799, 205], [443, 205]], 'cscb']
[[[457, 378], [831, 378], [831, 534], [457, 534]], 'เติมเงินสำเร็จ 01 มิ.ย. 2566 13:13']
[[[260, 556], [1030, 556], [1030, 608], [260, 608]], ' รหัสอ้างอิง: 202306017r5an jiczsczpxkgv']
[[[69, 725], [145, 725], [145, 765], [69, 765]], ' จาก']
[[[792, 718], [1229, 718], [1229, 855], [792, 855]], 'นาย กฤษฎา สารวิทย์ xxx-xxx588-5']
[[[64, 914], [160, 914], [160, 964], [64, 964]], 'ไปยัง']
[[[858, 915], [1225, 915], [1225, 1054], [858, 1054]], 'เติมเงินพร้อมเพย์ 140000926425922']
[[[68, 1198], [252, 1198], [252, 1248], [68, 1248]], 'จำนวนเงิน']
[[[1090, 1200], [1222, 1200], [1222, 1250], [1090, 1250]], '60.00']
[[[65, 1329], [565, 1329], [565, 1464], [65, 1464]], 'ข้อมูลเพิ่มเติมจากผู้ไห้บริการ นมัย สรแสง  truemeney]']
[[[65, 1608], [766, 1608], [766, 1754], [65, 1754]], 'ผู้รับเงินสามารถสแกนคิวอาร์โค้ดนี้เพื่อ ตรวจสอบสถานะการเติมเงิน']

(E-receipt-Dataset\scb\IMG_0704.JPGimage_path, paragraph=True, detail=1,
                                          blocklist='๐๑๒๓๔๕๖๗๘๙¥¢¤£oo*!@#$%^&())_+|?><', min_size=30
