[[[443, 89], [799, 89], [799, 205], [443, 205]], 'cscb']
[[[503, 383], [787, 383], [787, 447], [503, 447]], 'โอนเงินสำเร็จ']
[[[449, 489], [841, 489], [841, 534], [449, 534]], '05 มิ.ย. 2566 02:35']
[[[255, 551], [1032, 551], [1032, 607], [255, 607]], ' รหัสอ้างอิง: 202306052zf8b0hutr5ys4tza']
[[[69, 725], [145, 725], [145, 765], [69, 765]], ' จาก']
[[[792, 719], [1228, 719], [1228, 855], [792, 855]], 'นาย กฤษฎา สารวิทย์ xxx-xxx588-5']
[[[64, 914], [160, 914], [160, 964], [64, 964]], 'ไปยัง']
[[[792, 916], [1228, 916], [1228, 1051], [792, 1051]], 'นาย กฤษฎา สารวิทย์  xxx-xxx976-6']
[[[66, 1198], [252, 1198], [252, 1248], [66, 1248]], ' จำนวนเงิน']
[[[1022, 1200], [1224, 1200], [1224, 1256], [1022, 1256]], '2,000.00']
[[[65, 1402], [766, 1402], [766, 1547], [65, 1547]], 'ผู้รับเงินสามารถสแกนคิวอาร์โค้ดนี้เพื่อ ตรวจสอบสถานะการโอนเงิน']

(E-receipt-Dataset\scb\IMG_0781.JPGimage_path, paragraph=True, detail=1,
                                          blocklist='๐๑๒๓๔๕๖๗๘๙¥¢¤£oo*!@#$%^&())_+|?><', min_size=30
