[[[553, 107], [793, 107], [793, 219], [553, 219]], 'scb']
[[[502, 381], [787, 381], [787, 450], [502, 450]], 'โอนเงินสำเร็จ']
[[[450, 486], [837, 486], [837, 535], [450, 535]], '25 มิ.ย. 2566 20:57']
[[[264, 556], [1024, 556], [1024, 604], [264, 604]], ' รหัสอ้างอิง: 2023062571fvpncn4xtxd65ce']
[[[71, 727], [145, 727], [145, 765], [71, 765]], 'จาก']
[[[793, 721], [1227, 721], [1227, 855], [793, 855]], 'นาย กฤษฎา สารวิทย์ xxx-xxx588-5']
[[[64, 914], [160, 914], [160, 964], [64, 964]], 'ไปยัง']
[[[797, 922], [1222, 922], [1222, 976], [797, 976]], 'นายศราวธ หินพลชม']
[[[967, 1011], [1221, 1011], [1221, 1051], [967, 1051]], 'xxx-xxx-9702']
[[[67, 1199], [252, 1199], [252, 1254], [67, 1254]], 'จำนวนเงิน']
[[[1064, 1202], [1222, 1202], [1222, 1252], [1064, 1252]], '134.00']
[[[65, 1404], [766, 1404], [766, 1549], [65, 1549]], 'ผู้รับเงินสามารถสแกนคิวอาร์โค้ดนี้เพื่อ ตรวจสอบสถานะการโอนเงิน']

(E-receipt-Dataset\scb\IMG_1026.JPGimage_path, paragraph=True, detail=1,
                                          blocklist='๐๑๒๓๔๕๖๗๘๙¥¢¤£oo*!@#$%^&())_+|?><', min_size=30
