[[[553, 107], [793, 107], [793, 219], [553, 219]], 'scb']
[[[504, 381], [787, 381], [787, 450], [504, 450]], 'โอนเงินสำเร็จ']
[[[446, 486], [843, 486], [843, 535], [446, 535]], '30 พ.ค. 2566 20:58']
[[[263, 555], [1024, 555], [1024, 604], [263, 604]], ' รหัสอ้างอิง: 2023053020lljje8sdukiv4dz']
[[[71, 729], [145, 729], [145, 765], [71, 765]], 'จาก']
[[[792, 720], [1228, 720], [1228, 855], [792, 855]], 'นาย กฤษฎา สารวิทย์ xxx-xxx588-5']
[[[64, 914], [160, 914], [160, 964], [64, 964]], 'ไปยัง']
[[[834, 912], [1226, 912], [1226, 1051], [834, 1051]], 'น.ส. ณัฐวดี ติณภูมิ xxx-xxx-1324']
[[[68, 1198], [252, 1198], [252, 1248], [68, 1248]], 'จำนวนเงิน']
[[[1064, 1200], [1222, 1200], [1222, 1250], [1064, 1250]], '135.00']
[[[65, 1402], [766, 1402], [766, 1547], [65, 1547]], 'ผู้รับเงินสามารถสแกนคิวอาร์โค้ดนี้เพื่อ ตรวจสอบสถานะการโอนเงิน']

(E-receipt-Dataset\scb\IMG_0689.JPGimage_path, paragraph=True, detail=1,
                                          blocklist='๐๑๒๓๔๕๖๗๘๙¥¢¤£oo*!@#$%^&())_+|?><', min_size=30
