[[[553, 107], [793, 107], [793, 219], [553, 219]], 'scb']
[[[504, 381], [787, 381], [787, 450], [504, 450]], 'โอนเงินสำเร็จ']
[[[455, 489], [835, 489], [835, 534], [455, 534]], '17 มิ.ย. 2566 19:43']
[[[270, 556], [1020, 556], [1020, 610], [270, 610]], ' รหัสอ้างอิง: 202306173eljgdz0hyrxibuzt']
[[[71, 727], [145, 727], [145, 765], [71, 765]], 'จาก']
[[[793, 721], [1227, 721], [1227, 855], [793, 855]], 'นาย กฤษฎา สารวิทย์ xxx-xxx588-5']
[[[64, 914], [160, 914], [160, 964], [64, 964]], 'ไปยัง']
[[[834, 912], [1226, 912], [1226, 1051], [834, 1051]], 'น.ส. ณัฐวดี ติณภูมิ xxx-xxx-1324']
[[[67, 1199], [252, 1199], [252, 1254], [67, 1254]], 'จำนวนเงิน']
[[[1091, 1201], [1222, 1201], [1222, 1255], [1091, 1255]], '70.00']
[[[1060, 1362], [1158, 1362], [1158, 1440], [1060, 1440]], 'ยูี']
[[[65, 1404], [766, 1404], [766, 1549], [65, 1549]], 'ผู้รับเงินสามารถสแกนคิวอาร์โค้ดนี้เพื่อ ตรวจสอบสถานะการโอนเงิน']

(E-receipt-Dataset\scb\IMG_0947.JPGimage_path, paragraph=True, detail=1,
                                          blocklist='๐๑๒๓๔๕๖๗๘๙¥¢¤£oo*!@#$%^&())_+|?><', min_size=30
