[[[443, 89], [799, 89], [799, 205], [443, 205]], 'cscb']
[[[451, 380], [840, 380], [840, 534], [451, 534]], 'เติมเงินสำเร็จ 02 มิ.ย. 2566 08:18']
[[[248, 555], [1040, 555], [1040, 611], [248, 611]], ' รหัสอ้างอิง: 202306022l7dn9c9uy69dncrs']
[[[69, 725], [145, 725], [145, 765], [69, 765]], ' จาก']
[[[792, 718], [1229, 718], [1229, 855], [792, 855]], 'นาย กฤษฎา สารวิทย์ xxx-xxx588-5']
[[[64, 914], [160, 914], [160, 964], [64, 964]], 'ไปยัง']
[[[865, 915], [1225, 915], [1225, 1055], [865, 1055]], 'เติมเงินพร้อมเพย์ 140000902136136']
[[[68, 1198], [252, 1198], [252, 1248], [68, 1248]], 'จำนวนเงิน']
[[[1090, 1200], [1222, 1200], [1222, 1250], [1090, 1250]], '35.00']
[[[65, 1329], [594, 1329], [594, 1466], [65, 1466]], 'ข้อมูลเพิ่มเติมจากผู้ไห้บริการ  วิเศษพงษ์ ร่วมสุข  truemeney]']
[[[65, 1608], [766, 1608], [766, 1754], [65, 1754]], 'ผู้รับเงินสามารถสแกนคิวอาร์โค้ดนี้เพื่อ ตรวจสอบสถานะการเติมเงิน']

(E-receipt-Dataset\scb\IMG_0745.JPGimage_path, paragraph=True, detail=1,
                                          blocklist='๐๑๒๓๔๕๖๗๘๙¥¢¤£oo*!@#$%^&())_+|?><', min_size=30
