[[[443, 89], [799, 89], [799, 205], [443, 205]], 'cscb']
[[[503, 383], [791, 383], [791, 449], [503, 449]], 'จ่ายเงินสำเร็จ']
[[[447, 489], [841, 489], [841, 534], [447, 534]], '03 มิ.ย. 2566 20:00']
[[[257, 555], [1030, 555], [1030, 608], [257, 608]], ' รหัสอ้างอิง: 202306030kgta0s3l4zhlkj7w']
[[[69, 725], [145, 725], [145, 765], [69, 765]], ' จาก']
[[[792, 720], [1228, 720], [1228, 855], [792, 855]], 'นาย กฤษฎา สารวิทย์ xxx-xxx588-5']
[[[64, 914], [160, 914], [160, 964], [64, 964]], 'ไปยัง']
[[[577, 927], [617, 927], [617, 971], [577, 971]], 'en']
[[[667, 919], [1224, 919], [1224, 1064], [667, 1064]], 'k- shap {0214 mar c cdn- r. ladkra]']
[[[527, 1095], [1221, 1095], [1221, 1267], [527, 1267]], 'biller ld 010753600031508  รหัสร้านค้า 401013097896001  รหัสธุรกรรม edc16857972171453791']
[[[67, 1403], [251, 1403], [251, 1453], [67, 1453]], 'จำนวนเงิน']
[[[1062, 1406], [1222, 1406], [1222, 1458], [1062, 1458]], '320.00']
[[[65, 1610], [766, 1610], [766, 1758], [65, 1758]], 'ผู้รับเงินสามารถสแกนคิวอาร์โคัดนี้เพื่อ ตรวจสอบสถานะการจ่ายเงิน']

(E-receipt-Dataset\scb\IMG_0766.JPGimage_path, paragraph=True, detail=1,
                                          blocklist='๐๑๒๓๔๕๖๗๘๙¥¢¤£oo*!@#$%^&())_+|?><', min_size=30
